0.306985	3.2308e-05	0.487016	0.306986	4.48818e-05	0.487016	
0.306988	2.94296e-05	0.487019	0.306986	4.48818e-05	0.487016	
0.306988	3.1181e-05	0.487017	0.306986	4.48818e-05	0.487016	
0.306989	2.38564e-05	0.487017	0.306986	4.48818e-05	0.487016	
0.306985	1.98128e-05	0.487013	0.306986	4.48818e-05	0.487016	
0.306982	2.00987e-05	0.487013	0.306986	4.48818e-05	0.487016	
0.30698	1.68479e-05	0.487017	0.306986	4.48818e-05	0.487016	
0.306977	2.3669e-05	0.487015	0.306986	4.48818e-05	0.487016	
0.306976	2.47231e-05	0.487018	0.306986	4.48818e-05	0.487016	
0.306975	2.58097e-05	0.487016	0.306986	4.48818e-05	0.487016	
0.306974	1.95026e-05	0.487016	0.306986	4.48818e-05	0.487016	
0.306969	1.50889e-05	0.487012	0.306986	4.48818e-05	0.487016	
0.306966	1.28176e-05	0.487012	0.306986	4.48818e-05	0.487016	
0.306964	1.06793e-05	0.487016	0.306986	4.48818e-05	0.487016	
0.306961	1.23245e-05	0.487014	0.306986	4.48818e-05	0.487016	
0.30696	1.55369e-05	0.487017	0.306986	4.48818e-05	0.487016	
0.306959	1.43398e-05	0.487015	0.306986	4.48818e-05	0.487016	
0.306959	1.3483e-05	0.487016	0.306986	4.48818e-05	0.487016	
0.306954	1.10585e-05	0.487012	0.306986	4.48818e-05	0.487016	
0.306952	9.96936e-06	0.487012	0.306986	4.48818e-05	0.487016	
0.306949	1.12144e-05	0.487016	0.306986	4.48818e-05	0.487016	
0.306946	1.20809e-05	0.487015	0.306986	4.48818e-05	0.487016	
0.306947	1.80091e-05	0.487019	0.306986	4.48818e-05	0.487016	
0.306946	1.72775e-05	0.487017	0.306986	4.48818e-05	0.487016	
0.306946	1.9867e-05	0.487018	0.306986	4.48818e-05	0.487016	
0.306942	1.95783e-05	0.487014	0.306986	4.48818e-05	0.487016	
0.306941	2.02279e-05	0.487015	0.306986	4.48818e-05	0.487016	
0.306938	2.44049e-05	0.487019	0.306986	4.48818e-05	0.487016	
0.306937	2.67458e-05	0.487018	0.306986	4.48818e-05	0.487016	
0.306939	3.60292e-05	0.487022	0.306986	4.48818e-05	0.487016	
0.30694	3.79873e-05	0.487021	0.306986	4.48818e-05	0.487016	
0.306942	4.52565e-05	0.487022	0.306986	4.48818e-05	0.487016	
0.30694	4.98108e-05	0.487019	0.306986	4.48818e-05	0.487016	
0.306941	5.60435e-05	0.487021	0.306986	4.48818e-05	0.487016	
0.306941	6.72457e-05	0.487026	0.306986	4.48818e-05	0.487016	
0.306942	7.70718e-05	0.487026	0.306986	4.48818e-05	0.487016	
0.306946	9.58862e-05	0.487031	0.306986	4.48818e-05	0.487016	
0.306948	0.000108423	0.48703	0.306986	4.48818e-05	0.487016	
0.306951	0.000128091	0.487033	0.306986	4.48818e-05	0.487016	
0.306951	0.000146051	0.48703	0.306986	4.48818e-05	0.487016	
0.306952	0.000166728	0.487033	0.306986	4.48818e-05	0.487016	
0.306944	0.000193518	0.487036	0.306986	4.48818e-05	0.487016	
0.306938	0.000218357	0.487036	0.306986	4.48818e-05	0.487016	
0.306937	0.000252447	0.48704	0.306986	4.48818e-05	0.487016	
0.306937	0.000278969	0.487039	0.306986	4.48818e-05	0.487016	
0.306938	0.000312128	0.487041	0.306986	4.48818e-05	0.487016	
0.306935	0.000342171	0.487038	0.306986	4.48818e-05	0.487016	
0.306936	0.000374247	0.487041	0.306986	4.48818e-05	0.487016	
0.306936	0.000412403	0.487046	0.306986	4.48818e-05	0.487016	
0.306937	0.000448055	0.487046	0.306986	4.48818e-05	0.487016	
0.306941	0.000493312	0.487051	0.306986	4.48818e-05	0.487016	
0.306944	0.000531497	0.487051	0.306986	4.48818e-05	0.487016	
0.306948	0.000576878	0.487053	0.306986	4.48818e-05	0.487016	
0.306947	0.000619462	0.487051	0.306986	4.48818e-05	0.487016	
0.306949	0.000663935	0.487054	0.306986	4.48818e-05	0.487016	
0.306951	0.00071391	0.48706	0.306986	4.48818e-05	0.487016	
0.306953	0.000761926	0.487061	0.306986	4.48818e-05	0.487016	
0.306958	0.000819925	0.487066	0.306986	4.48818e-05	0.487016	
0.306962	0.000871193	0.487066	0.306986	4.48818e-05	0.487016	
0.306967	0.00093031	0.487069	0.306986	4.48818e-05	0.487016	
0.306968	0.000987197	0.487067	0.306986	4.48818e-05	0.487016	
0.30697	0.00104667	0.48707	0.306986	4.48818e-05	0.487016	
0.306973	0.00111291	0.487076	0.306986	4.48818e-05	0.487016	
0.306975	0.00117744	0.487077	0.306986	4.48818e-05	0.487016	
0.306981	0.00125269	0.487083	0.306986	4.48818e-05	0.487016	
0.306985	0.00132187	0.487083	0.306986	4.48818e-05	0.487016	
0.30699	0.00139966	0.487086	0.306986	4.48818e-05	0.487016	
0.306991	0.00147576	0.487084	0.306986	4.48818e-05	0.487016	
0.306994	0.00155494	0.487087	0.306986	4.48818e-05	0.487016	
0.306997	0.00164148	0.487094	0.306986	4.48818e-05	0.487016	
0.307	0.00172538	0.487096	0.306986	4.48818e-05	0.487016	
0.307005	0.00181902	0.487102	0.306986	4.48818e-05	0.487016	
0.307009	0.00191117	0.487101	0.306986	4.48818e-05	0.487016	
0.307016	0.00201475	0.487105	0.306986	4.48818e-05	0.487016	
0.307021	0.00211254	0.487104	0.306986	4.48818e-05	0.487016	
0.307027	0.00221961	0.487106	0.306986	4.48818e-05	0.487016	
0.307027	0.00232538	0.487105	0.306986	4.48818e-05	0.487016	
0.307029	0.00243484	0.487109	0.306986	4.48818e-05	0.487016	
0.307032	0.00255221	0.487117	0.306986	4.48818e-05	0.487016	
0.307035	0.00266756	0.48712	0.306986	4.48818e-05	0.487016	
0.30704	0.0027928	0.487126	0.306986	4.48818e-05	0.487016	
0.307045	0.00291701	0.487126	0.306986	4.48818e-05	0.487016	
0.307053	0.00305322	0.48713	0.306986	4.48818e-05	0.487016	
0.30706	0.00318379	0.487128	0.306986	4.48818e-05	0.487016	
0.307065	0.00332393	0.487129	0.306986	4.48818e-05	0.487016	
0.307066	0.00346292	0.487127	0.306986	4.48818e-05	0.487016	
0.307069	0.00360584	0.487131	0.306986	4.48818e-05	0.487016	
0.307072	0.00375703	0.487138	0.306986	4.48818e-05	0.487016	
0.307075	0.00390633	0.487142	0.306986	4.48818e-05	0.487016	
0.30708	0.00406574	0.487148	0.306986	4.48818e-05	0.487016	
0.307086	0.00422418	0.487148	0.306986	4.48818e-05	0.487016	
0.307094	0.0043949	0.487151	0.306986	4.48818e-05	0.487016	
0.3071	0.00456008	0.487148	0.306986	4.48818e-05	0.487016	
0.307093	0.00473141	0.487146	0.306986	4.48818e-05	0.487016	
0.307084	0.00490016	0.487142	0.306986	4.48818e-05	0.487016	
0.307079	0.005072	0.487143	0.306986	4.48818e-05	0.487016	
0.307075	0.00525001	0.487149	0.306986	4.48818e-05	0.487016	
0.307073	0.00542419	0.487151	0.306986	4.48818e-05	0.487016	
0.307075	0.00560671	0.487156	0.306986	4.48818e-05	0.487016	
0.307077	0.00578559	0.487155	0.306986	4.48818e-05	0.487016	
0.307083	0.00597496	0.487157	0.306986	4.48818e-05	0.487016	
0.307089	0.00615594	0.487153	0.306986	4.48818e-05	0.487016	
0.307094	0.00634392	0.487153	0.306986	4.48818e-05	0.487016	
0.307096	0.00652772	0.487148	0.306986	4.48818e-05	0.487016	
0.307098	0.00671963	0.487152	0.306986	4.48818e-05	0.487016	
0.3071	0.00690315	0.487153	0.306986	4.48818e-05	0.487016	
0.307105	0.00709473	0.487157	0.306986	4.48818e-05	0.487016	
0.307109	0.00727884	0.487158	0.306986	4.48818e-05	0.487016	
0.307115	0.00746845	0.48716	0.306986	4.48818e-05	0.487016	
0.307118	0.00765317	0.487155	0.306986	4.48818e-05	0.487016	
0.307124	0.00783776	0.487154	0.306986	4.48818e-05	0.487016	
0.30713	0.00802597	0.487154	0.306986	4.48818e-05	0.487016	
0.307135	0.00820674	0.487151	0.306986	4.48818e-05	0.487016	
0.307141	0.00839309	0.487151	0.306986	4.48818e-05	0.487016	
0.307147	0.00857269	0.487146	0.306986	4.48818e-05	0.487016	
0.307154	0.0087601	0.487145	0.306986	4.48818e-05	0.487016	
0.30716	0.00893692	0.487139	0.306986	4.48818e-05	0.487016	
0.307166	0.00911887	0.487137	0.306986	4.48818e-05	0.487016	
0.307171	0.00929289	0.487132	0.306986	4.48818e-05	0.487016	
0.307176	0.00947269	0.487131	0.306986	4.48818e-05	0.487016	
0.307177	0.00964741	0.487125	0.306986	4.48818e-05	0.487016	
0.307181	0.00982167	0.487123	0.306986	4.48818e-05	0.487016	
0.307185	0.00999874	0.487123	0.306986	4.48818e-05	0.487016	
0.30719	0.0101681	0.487119	0.306986	4.48818e-05	0.487016	
0.307197	0.0103416	0.487116	0.306986	4.48818e-05	0.487016	
0.307204	0.0105082	0.487107	0.306986	4.48818e-05	0.487016	
0.307212	0.0106821	0.487103	0.306986	4.48818e-05	0.487016	
0.307219	0.0108446	0.487092	0.306986	4.48818e-05	0.487016	
0.307226	0.0110107	0.487086	0.306986	4.48818e-05	0.487016	
0.307228	0.0111707	0.487075	0.306986	4.48818e-05	0.487016	
0.307232	0.0113295	0.48707	0.306986	4.48818e-05	0.487016	
0.307236	0.0114916	0.487068	0.306986	4.48818e-05	0.487016	
0.30724	0.0116462	0.487061	0.306986	4.48818e-05	0.487016	
0.307246	0.0118053	0.487058	0.306986	4.48818e-05	0.487016	
0.307253	0.0119579	0.487047	0.306986	4.48818e-05	0.487016	
0.307262	0.0121174	0.487039	0.306986	4.48818e-05	0.487016	
0.30727	0.0122661	0.487026	0.306986	4.48818e-05	0.487016	
0.307277	0.0124187	0.487016	0.306986	4.48818e-05	0.487016	
0.307281	0.012565	0.487002	0.306986	4.48818e-05	0.487016	
0.307285	0.0127097	0.486993	0.306986	4.48818e-05	0.487016	
0.30729	0.0128577	0.486987	0.306986	4.48818e-05	0.487016	
0.307294	0.0129981	0.486977	0.306986	4.48818e-05	0.487016	
0.307301	0.0131429	0.48697	0.306986	4.48818e-05	0.487016	
0.307308	0.0132814	0.486957	0.306986	4.48818e-05	0.487016	
0.307317	0.0134268	0.486946	0.306986	4.48818e-05	0.487016	
0.307326	0.0135618	0.48693	0.306986	4.48818e-05	0.487016	
0.307334	0.0137007	0.486917	0.306986	4.48818e-05	0.487016	
0.307338	0.0138334	0.486899	0.306986	4.48818e-05	0.487016	
0.307344	0.0139646	0.486887	0.306986	4.48818e-05	0.487016	
0.307349	0.0140991	0.486878	0.306986	4.48818e-05	0.487016	
0.307354	0.0142259	0.486864	0.306986	4.48818e-05	0.487016	
0.307361	0.0143577	0.486854	0.306986	4.48818e-05	0.487016	
0.307369	0.0144825	0.486838	0.306986	4.48818e-05	0.487016	
0.307379	0.014614	0.486824	0.306986	4.48818e-05	0.487016	
0.307388	0.0147354	0.486805	0.306986	4.48818e-05	0.487016	
0.307397	0.0148612	0.486789	0.306986	4.48818e-05	0.487016	
0.307405	0.0149782	0.486769	0.306986	4.48818e-05	0.487016	
0.307413	0.0151	0.486754	0.306986	4.48818e-05	0.487016	
0.307419	0.0152152	0.486734	0.306986	4.48818e-05	0.487016	
0.307427	0.0153374	0.48672	0.306986	4.48818e-05	0.487016	
0.307435	0.0154497	0.486702	0.306986	4.48818e-05	0.487016	
0.307443	0.015566	0.486686	0.306986	4.48818e-05	0.487016	
0.307448	0.0156765	0.486665	0.306986	4.48818e-05	0.487016	
0.307456	0.0157858	0.486648	0.306986	4.48818e-05	0.487016	
0.307464	0.0158983	0.486632	0.306986	4.48818e-05	0.487016	
0.307472	0.016003	0.486612	0.306986	4.48818e-05	0.487016	
0.307482	0.0161128	0.486595	0.306986	4.48818e-05	0.487016	
0.307492	0.0162141	0.486572	0.306986	4.48818e-05	0.487016	
0.307502	0.0163203	0.486553	0.306986	4.48818e-05	0.487016	
0.307512	0.01642	0.486527	0.306986	4.48818e-05	0.487016	
0.307524	0.0165266	0.486507	0.306986	4.48818e-05	0.487016	
0.307534	0.0166229	0.486482	0.306986	4.48818e-05	0.487016	
0.307544	0.0167238	0.486461	0.306986	4.48818e-05	0.487016	
0.307553	0.0168157	0.486437	0.306986	4.48818e-05	0.487016	
0.307562	0.0169114	0.486417	0.306986	4.48818e-05	0.487016	
0.307572	0.0170012	0.486392	0.306986	4.48818e-05	0.487016	
0.307583	0.0170978	0.486371	0.306986	4.48818e-05	0.487016	
0.307594	0.0171845	0.486346	0.306986	4.48818e-05	0.487016	
0.307605	0.0172752	0.486323	0.306986	4.48818e-05	0.487016	
0.307617	0.0173578	0.486296	0.306986	4.48818e-05	0.487016	
0.307628	0.0174441	0.486273	0.306986	4.48818e-05	0.487016	
0.307636	0.017525	0.486244	0.306986	4.48818e-05	0.487016	
0.307647	0.0176049	0.48622	0.306986	4.48818e-05	0.487016	
0.307658	0.0176879	0.486198	0.306986	4.48818e-05	0.487016	
0.307669	0.0177633	0.486171	0.306986	4.48818e-05	0.487016	
0.307683	0.0178427	0.486147	0.306986	4.48818e-05	0.487016	
0.307697	0.0179151	0.486116	0.306986	4.48818e-05	0.487016	
0.307712	0.0179936	0.48609	0.306986	4.48818e-05	0.487016	
0.307727	0.0180617	0.486057	0.306986	4.48818e-05	0.487016	
0.307741	0.0181336	0.486029	0.306986	4.48818e-05	0.487016	
0.307755	0.0181963	0.485998	0.306986	4.48818e-05	0.487016	
0.307768	0.0182629	0.485971	0.306986	4.48818e-05	0.487016	
0.307782	0.0183231	0.485939	0.306986	4.48818e-05	0.487016	
0.307796	0.0183897	0.485913	0.306986	4.48818e-05	0.487016	
0.307811	0.0184464	0.485882	0.306986	4.48818e-05	0.487016	
0.307827	0.0185068	0.485854	0.306986	4.48818e-05	0.487016	
0.307842	0.0185587	0.485821	0.306986	4.48818e-05	0.487016	
0.307858	0.0186139	0.485792	0.306986	4.48818e-05	0.487016	
0.30787	0.0186637	0.485757	0.306986	4.48818e-05	0.487016	
0.307886	0.0187121	0.485727	0.306986	4.48818e-05	0.487016	
0.307901	0.0187631	0.485699	0.306986	4.48818e-05	0.487016	
0.307918	0.0188065	0.485666	0.306986	4.48818e-05	0.487016	
0.307936	0.0188531	0.485637	0.306986	4.48818e-05	0.487016	
0.307954	0.0188931	0.4856	0.306986	4.48818e-05	0.487016	
0.307974	0.0189388	0.485568	0.306986	4.48818e-05	0.487016	
0.307994	0.0189741	0.485531	0.306986	4.48818e-05	0.487016	
0.308014	0.0190127	0.485497	0.306986	4.48818e-05	0.487016	
0.308032	0.0190421	0.48546	0.306986	4.48818e-05	0.487016	
0.308051	0.0190749	0.485428	0.306986	4.48818e-05	0.487016	
0.308069	0.0191016	0.485392	0.306986	4.48818e-05	0.487016	
0.308089	0.0191339	0.48536	0.306986	4.48818e-05	0.487016	
0.30811	0.0191564	0.485324	0.306986	4.48818e-05	0.487016	
0.30813	0.0191815	0.485291	0.306986	4.48818e-05	0.487016	
0.308151	0.0191989	0.485254	0.306986	4.48818e-05	0.487016	
0.308172	0.0192193	0.48522	0.306986	4.48818e-05	0.487016	
0.308193	0.0192336	0.485181	0.306986	4.48818e-05	0.487016	
0.308216	0.0192533	0.485148	0.306986	4.48818e-05	0.487016	
0.308239	0.0192632	0.485109	0.306986	4.48818e-05	0.487016	
0.308261	0.0192753	0.485075	0.306986	4.48818e-05	0.487016	
0.308284	0.0192797	0.485036	0.306986	4.48818e-05	0.487016	
0.308306	0.019287	0.485002	0.306986	4.48818e-05	0.487016	
0.30833	0.0192882	0.484963	0.306986	4.48818e-05	0.487016	
0.308354	0.0192948	0.484928	0.306986	4.48818e-05	0.487016	
0.308379	0.0192916	0.484889	0.306986	4.48818e-05	0.487016	
0.308404	0.0192904	0.484853	0.306986	4.48818e-05	0.487016	
0.308429	0.0192816	0.484814	0.306986	4.48818e-05	0.487016	
0.308454	0.0192755	0.484778	0.306986	4.48818e-05	0.487016	
0.30848	0.0192635	0.484738	0.306986	4.48818e-05	0.487016	
0.308507	0.0192566	0.484703	0.306986	4.48818e-05	0.487016	
0.308534	0.0192401	0.484663	0.306986	4.48818e-05	0.487016	
0.308561	0.0192253	0.484627	0.306986	4.48818e-05	0.487016	
0.308588	0.0192031	0.484587	0.306986	4.48818e-05	0.487016	
0.308615	0.0191833	0.484551	0.306986	4.48818e-05	0.487016	
0.308643	0.0191578	0.48451	0.306986	4.48818e-05	0.487016	
0.308672	0.0191373	0.484475	0.306986	4.48818e-05	0.487016	
0.308702	0.0191072	0.484435	0.306986	4.48818e-05	0.487016	
0.308731	0.0190787	0.484398	0.306988	5.31542e-05	0.487018	
0.308758	0.0190443	0.484357	0.306988	5.31542e-05	0.487018	
0.308786	0.0190074	0.48432	0.306988	5.31542e-05	0.487018	
0.308815	0.018971	0.484286	0.306988	5.31542e-05	0.487018	
0.308845	0.0189281	0.484247	0.306988	5.31542e-05	0.487018	
0.308876	0.0188888	0.484212	0.306988	5.31542e-05	0.487018	
0.308909	0.0188387	0.484171	0.306988	5.31542e-05	0.487018	
0.308941	0.0187883	0.484133	0.306988	5.31542e-05	0.487018	
0.308973	0.0187297	0.48409	0.306988	5.31542e-05	0.487018	
0.309006	0.0186747	0.484053	0.306988	5.31542e-05	0.487018	
0.30904	0.0186087	0.484012	0.306988	5.31542e-05	0.487018	
0.309072	0.0185428	0.483976	0.306988	5.31542e-05	0.487018	
0.309102	0.0184702	0.483936	0.306988	5.31542e-05	0.487018	
0.309134	0.018394	0.483901	0.306988	5.31542e-05	0.487018	
0.309167	0.0183177	0.483869	0.306988	5.31542e-05	0.487018	
0.309201	0.0182339	0.483831	0.306988	5.31542e-05	0.487018	
0.309238	0.0181527	0.483797	0.306988	5.31542e-05	0.487018	
0.309276	0.018061	0.483757	0.306988	5.31542e-05	0.487018	
0.309313	0.0179688	0.48372	0.306988	5.31542e-05	0.487018	
0.309347	0.0178697	0.483679	0.306988	5.31542e-05	0.487018	
0.309382	0.017766	0.483643	0.306988	5.31542e-05	0.487018	
0.309417	0.0176614	0.48361	0.306988	5.31542e-05	0.487018	
0.309453	0.01755	0.483574	0.306988	5.31542e-05	0.487018	
0.30949	0.017441	0.483542	0.306988	5.31542e-05	0.487018	
0.309529	0.0173218	0.483506	0.306988	5.31542e-05	0.487018	
0.309567	0.0172023	0.483472	0.306988	5.31542e-05	0.487018	
0.309602	0.0170768	0.483433	0.306988	5.31542e-05	0.487018	
0.309639	0.0169472	0.4834	0.306988	5.31542e-05	0.487018	
0.309676	0.0168171	0.48337	0.306988	5.31542e-05	0.487018	
0.309714	0.0166807	0.483335	0.306988	5.31542e-05	0.487018	
0.309754	0.016547	0.483305	0.306988	5.31542e-05	0.487018	
0.309794	0.0164038	0.483271	0.306988	5.31542e-05	0.487018	
0.309833	0.0162605	0.48324	0.306988	5.31542e-05	0.487018	
0.30987	0.0161121	0.483204	0.306988	5.31542e-05	0.487018	
0.309908	0.01596	0.483175	0.306988	5.31542e-05	0.487018	
0.309946	0.0158073	0.483148	0.306988	5.31542e-05	0.487018	
0.309986	0.0156492	0.483117	0.306988	5.31542e-05	0.487018	
0.310027	0.015494	0.483091	0.306988	5.31542e-05	0.487018	
0.310065	0.0153317	0.483059	0.306988	5.31542e-05	0.487018	
0.310106	0.015166	0.483031	0.306988	5.31542e-05	0.487018	
0.310146	0.0150002	0.483006	0.306988	5.31542e-05	0.487018	
0.310186	0.0148284	0.482976	0.306988	5.31542e-05	0.487018	
0.310228	0.0146596	0.482951	0.306988	5.31542e-05	0.487018	
0.31027	0.0144828	0.482924	0.306988	5.31542e-05	0.487018	
0.31031	0.0143065	0.482899	0.306988	5.31542e-05	0.487018	
0.310348	0.0141266	0.482872	0.306988	5.31542e-05	0.487018	
0.310388	0.0139438	0.48285	0.306988	5.31542e-05	0.487018	
0.310427	0.0137611	0.48283	0.306988	5.31542e-05	0.487018	
0.310468	0.0135743	0.482807	0.306988	5.31542e-05	0.487018	
0.31051	0.0133904	0.482788	0.306988	5.31542e-05	0.487018	
0.310553	0.0131999	0.482765	0.306988	5.31542e-05	0.487018	
0.310595	0.0130101	0.482744	0.306988	5.31542e-05	0.487018	
0.310634	0.0128173	0.482721	0.306988	5.31542e-05	0.487018	
0.310674	0.0126221	0.482703	0.306988	5.31542e-05	0.487018	
0.310713	0.0124272	0.482688	0.306988	5.31542e-05	0.487018	
0.310754	0.0122281	0.482671	0.306988	5.31542e-05	0.487018	
0.310795	0.0120302	0.482656	0.306988	5.31542e-05	0.487018	
0.310834	0.0118307	0.482638	0.306988	5.31542e-05	0.487018	
0.310875	0.0116296	0.482624	0.306988	5.31542e-05	0.487018	
0.310915	0.0114288	0.482611	0.306988	5.31542e-05	0.487018	
0.310957	0.0112241	0.482597	0.306988	5.31542e-05	0.487018	
0.310998	0.0110208	0.482584	0.306988	5.31542e-05	0.487018	
0.311037	0.0108161	0.482568	0.306988	5.31542e-05	0.487018	
0.311077	0.0106096	0.482558	0.306988	5.31542e-05	0.487018	
0.311116	0.0104038	0.48255	0.306988	5.31542e-05	0.487018	
0.311157	0.0101945	0.482541	0.306988	5.31542e-05	0.487018	
0.311196	0.00998681	0.482533	0.306988	5.31542e-05	0.487018	
0.311234	0.00977813	0.482522	0.306988	5.31542e-05	0.487018	
0.311273	0.00956817	0.482516	0.306988	5.31542e-05	0.487018	
0.311311	0.00935904	0.482512	0.306988	5.31542e-05	0.487018	
0.311351	0.00914697	0.482507	0.306988	5.31542e-05	0.487018	
0.311389	0.0089368	0.482502	0.306988	5.31542e-05	0.487018	
0.311425	0.00872615	0.482495	0.306988	5.31542e-05	0.487018	
0.311463	0.00851445	0.482494	0.306988	5.31542e-05	0.487018	
0.3115	0.00830382	0.482494	0.306988	5.31542e-05	0.487018	
0.311538	0.00809063	0.482493	0.306988	5.31542e-05	0.487018	
0.311575	0.00787953	0.482493	0.306988	5.31542e-05	0.487018	
0.311609	0.00766835	0.482491	0.306988	5.31542e-05	0.487018	
0.311645	0.00745636	0.482494	0.306988	5.31542e-05	0.487018	
0.31168	0.00724559	0.482498	0.306988	5.31542e-05	0.487018	
0.311716	0.00703268	0.482501	0.306988	5.31542e-05	0.487018	
0.311751	0.00682209	0.482505	0.306988	5.31542e-05	0.487018	
0.311783	0.00661182	0.482507	0.306988	5.31542e-05	0.487018	
0.311817	0.00640099	0.482515	0.306988	5.31542e-05	0.487018	
0.31185	0.0061916	0.482523	0.306988	5.31542e-05	0.487018	
0.311883	0.00598047	0.482531	0.306988	5.31542e-05	0.487018	
0.311916	0.00577185	0.482539	0.306988	5.31542e-05	0.487018	
0.311946	0.0055639	0.482546	0.306988	5.31542e-05	0.487018	
0.311977	0.00535562	0.482557	0.306988	5.31542e-05	0.487018	
0.312007	0.00514895	0.48257	0.306988	5.31542e-05	0.487018	
0.312035	0.00494222	0.48258	0.306988	5.31542e-05	0.487018	
0.312065	0.00473555	0.482595	0.306988	5.31542e-05	0.487018	
0.312094	0.00453082	0.48261	0.306988	5.31542e-05	0.487018	
0.312121	0.00432671	0.482623	0.306988	5.31542e-05	0.487018	
0.312149	0.00412277	0.482639	0.306988	5.31542e-05	0.487018	
0.312177	0.00392102	0.482656	0.306988	5.31542e-05	0.487018	
0.312203	0.00371993	0.48267	0.306988	5.31542e-05	0.487018	
0.31223	0.00351898	0.482689	0.306988	5.31542e-05	0.487018	
0.312255	0.00332036	0.482708	0.306988	5.31542e-05	0.487018	
0.312279	0.00312253	0.482725	0.306988	5.31542e-05	0.487018	
0.312303	0.00292484	0.482746	0.306988	5.31542e-05	0.487018	
0.312327	0.00272946	0.482768	0.306988	5.31542e-05	0.487018	
0.312348	0.00253513	0.482788	0.306988	5.31542e-05	0.487018	
0.312371	0.00234103	0.482812	0.306988	5.31542e-05	0.487018	
0.312393	0.00214935	0.482836	0.306988	5.31542e-05	0.487018	
0.312412	0.0019589	0.482857	0.306988	5.31542e-05	0.487018	
0.312432	0.00176879	0.482883	0.306988	5.31542e-05	0.487018	
0.312452	0.00158123	0.482909	0.306988	5.31542e-05	0.487018	
0.312469	0.00139503	0.482933	0.306988	5.31542e-05	0.487018	
0.312488	0.00120925	0.482961	0.306988	5.31542e-05	0.487018	
0.312506	0.0010237	0.482988	0.306988	5.31542e-05	0.487018	
0.312522	0.000842864	0.483015	0.306988	5.31542e-05	0.487018	
0.312539	0.000662579	0.483044	0.306988	5.31542e-05	0.487018	
0.312554	0.000485173	0.483074	0.306988	5.31542e-05	0.487018	
0.312566	0.000308795	0.483102	0.306988	5.31542e-05	0.487018	
0.312579	0.000132711	0.483135	0.306988	5.31542e-05	0.487018	
0.312592	-4.34565e-05	0.483166	0.306988	5.31542e-05	0.487018	
0.312604	-0.000215219	0.483198	0.306988	5.31542e-05	0.487018	
0.312615	-0.000386632	0.483232	0.306988	5.31542e-05	0.487018	
0.312625	-0.000555664	0.483266	0.306988	5.31542e-05	0.487018	
0.312632	-0.000722231	0.483297	0.306988	5.31542e-05	0.487018	
0.312641	-0.000888795	0.483334	0.306988	5.31542e-05	0.487018	
0.312649	-0.00105511	0.483369	0.306988	5.31542e-05	0.487018	
0.312656	-0.00121689	0.483405	0.306988	5.31542e-05	0.487018	
0.312664	-0.00137805	0.483441	0.306988	5.31542e-05	0.487018	
0.312669	-0.00153664	0.483478	0.306988	5.31542e-05	0.487018	
0.312672	-0.00169369	0.483513	0.306988	5.31542e-05	0.487018	
0.312676	-0.00185066	0.483553	0.306988	5.31542e-05	0.487018	
0.312679	-0.00200527	0.483592	0.306988	5.31542e-05	0.487018	
0.31268	-0.00215855	0.483629	0.306988	5.31542e-05	0.487018	
0.312682	-0.00231147	0.483671	0.306988	5.31542e-05	0.487018	
0.312684	-0.00246432	0.483709	0.306988	5.31542e-05	0.487018	
0.312686	-0.00261254	0.483748	0.306988	5.31542e-05	0.487018	
0.312687	-0.00276032	0.483789	0.306988	5.31542e-05	0.487018	
0.312686	-0.00290563	0.483829	0.306988	5.31542e-05	0.487018	
0.312683	-0.00304952	0.483867	0.306988	5.31542e-05	0.487018	
0.31268	-0.0031936	0.483911	0.306988	5.31542e-05	0.487018	
0.312677	-0.00333547	0.483955	0.306988	5.31542e-05	0.487018	
0.312672	-0.00347622	0.483996	0.306988	5.31542e-05	0.487018	
0.312668	-0.00361687	0.484041	0.306988	5.31542e-05	0.487018	
0.312664	-0.00375769	0.484083	0.306988	5.31542e-05	0.487018	
0.31266	-0.00389407	0.484125	0.306988	5.31542e-05	0.487018	
0.312656	-0.00403023	0.484169	0.306988	5.31542e-05	0.487018	
0.31265	-0.0041636	0.484212	0.306988	5.31542e-05	0.487018	
0.312642	-0.00429634	0.484253	0.306988	5.31542e-05	0.487018	
0.312634	-0.00442933	0.484299	0.306988	5.31542e-05	0.487018	
0.312626	-0.00456025	0.484345	0.306988	5.31542e-05	0.487018	
0.312615	-0.0046901	0.484389	0.306988	5.31542e-05	0.487018	
0.312606	-0.00482009	0.484436	0.306988	5.31542e-05	0.487018	
0.312599	-0.0049452	0.484481	0.306988	5.31542e-05	0.487018	
0.312591	-0.00506513	0.484526	0.306988	5.31542e-05	0.487018	
0.312583	-0.00518387	0.484572	0.306988	5.31542e-05	0.487018	
0.312572	-0.00529916	0.484617	0.306988	5.31542e-05	0.487018	
0.312558	-0.00541297	0.48466	0.306988	5.31542e-05	0.487018	
0.312544	-0.00552652	0.484707	0.306988	5.31542e-05	0.487018	
0.31253	-0.00563959	0.484753	0.306988	5.31542e-05	0.487018	
0.312514	-0.00574766	0.484798	0.306988	5.31542e-05	0.487018	
0.312498	-0.005855	0.484845	0.306988	5.31542e-05	0.487018	
0.312481	-0.00595897	0.484891	0.306988	5.31542e-05	0.487018	
0.312461	-0.00606106	0.484935	0.306988	5.31542e-05	0.487018	
0.312441	-0.00616248	0.484983	0.306988	5.31542e-05	0.487018	
0.312421	-0.00626081	0.48503	0.306988	5.31542e-05	0.487018	
0.312399	-0.00635678	0.485074	0.306988	5.31542e-05	0.487018	
0.312377	-0.00645186	0.485122	0.306988	5.31542e-05	0.487018	
0.312356	-0.00654602	0.485167	0.306988	5.31542e-05	0.487018	
0.312333	-0.00663463	0.485212	0.306988	5.31542e-05	0.487018	
0.312311	-0.00672223	0.485258	0.306988	5.31542e-05	0.487018	
0.312287	-0.00680619	0.485304	0.306988	5.31542e-05	0.487018	
0.31226	-0.00688838	0.485347	0.306988	5.31542e-05	0.487018	
0.312234	-0.00697007	0.485394	0.306988	5.31542e-05	0.487018	
0.312208	-0.00704875	0.485441	0.306988	5.31542e-05	0.487018	
0.312179	-0.00712526	0.485485	0.306988	5.31542e-05	0.487018	
0.312151	-0.00720124	0.485532	0.306988	5.31542e-05	0.487018	
0.312124	-0.00727651	0.485577	0.306988	5.31542e-05	0.487018	
0.312095	-0.00734643	0.485621	0.306988	5.31542e-05	0.487018	
0.312066	-0.00741554	0.485666	0.306988	5.31542e-05	0.487018	
0.312037	-0.00748108	0.48571	0.306988	5.31542e-05	0.487018	
0.312004	-0.00754494	0.485752	0.306988	5.31542e-05	0.487018	
0.311972	-0.00760843	0.485798	0.306988	5.31542e-05	0.487018	
0.31194	-0.00766901	0.485843	0.306988	5.31542e-05	0.487018	
0.311909	-0.00772902	0.485887	0.306988	5.31542e-05	0.487018	
0.311876	-0.00778597	0.48593	0.306988	5.31542e-05	0.487018	
0.311841	-0.00784032	0.48597	0.306988	5.31542e-05	0.487018	
0.311807	-0.00789444	0.486014	0.306988	5.31542e-05	0.487018	
0.311772	-0.00794564	0.486057	0.306988	5.31542e-05	0.487018	
0.311738	-0.00799661	0.4861	0.306988	5.31542e-05	0.487018	
0.311702	-0.00804447	0.486141	0.306988	5.31542e-05	0.487018	
0.311664	-0.0080897	0.48618	0.306988	5.31542e-05	0.487018	
0.311627	-0.00813452	0.486223	0.306988	5.31542e-05	0.487018	
0.311589	-0.00817645	0.486265	0.306988	5.31542e-05	0.487018	
0.311552	-0.00821815	0.486307	0.306988	5.31542e-05	0.487018	
0.311514	-0.00825686	0.486346	0.306988	5.31542e-05	0.487018	
0.311474	-0.00829305	0.486383	0.306988	5.31542e-05	0.487018	
0.311435	-0.00832895	0.486424	0.306988	5.31542e-05	0.487018	
0.311395	-0.00836203	0.486464	0.306988	5.31542e-05	0.487018	
0.311356	-0.00839506	0.486503	0.306988	5.31542e-05	0.487018	
0.311316	-0.00842529	0.48654	0.306988	5.31542e-05	0.487018	
0.311273	-0.0084531	0.486575	0.306988	5.31542e-05	0.487018	
0.311231	-0.00848067	0.486614	0.306988	5.31542e-05	0.487018	
0.311189	-0.00850543	0.486652	0.306988	5.31542e-05	0.487018	
0.311148	-0.00853019	0.486689	0.306988	5.31542e-05	0.487018	
0.311106	-0.00855224	0.486724	0.306988	5.31542e-05	0.487018	
0.311062	-0.00857195	0.486757	0.306988	5.31542e-05	0.487018	
0.311019	-0.00859144	0.486793	0.306988	5.31542e-05	0.487018	
0.310975	-0.00860813	0.486829	0.306988	5.31542e-05	0.487018	
0.310932	-0.00862492	0.486863	0.306988	5.31542e-05	0.487018	
0.310888	-0.00863912	0.486896	0.306988	5.31542e-05	0.487018	
0.310842	-0.00865108	0.486926	0.306988	5.31542e-05	0.487018	
0.310797	-0.00866288	0.48696	0.306988	5.31542e-05	0.487018	
0.310751	-0.0086719	0.486993	0.306988	5.31542e-05	0.487018	
0.310707	-0.0086811	0.487024	0.306988	5.31542e-05	0.487018	
0.310662	-0.00868731	0.487055	0.306988	5.31542e-05	0.487018	
0.310614	-0.00869192	0.487082	0.306988	5.31542e-05	0.487018	
0.310568	-0.00869645	0.487113	0.306988	5.31542e-05	0.487018	
0.310521	-0.00869824	0.487143	0.306988	5.31542e-05	0.487018	
0.310475	-0.00870018	0.487172	0.306988	5.31542e-05	0.487018	
0.310429	-0.00869899	0.4872	0.306988	5.31542e-05	0.487018	
0.310381	-0.00869655	0.487225	0.306988	5.31542e-05	0.487018	
0.310333	-0.00869395	0.487253	0.306988	5.31542e-05	0.487018	
0.310285	-0.00868871	0.48728	0.306988	5.31542e-05	0.487018	
0.310238	-0.00868368	0.487305	0.306988	5.31542e-05	0.487018	
0.310191	-0.00867573	0.487331	0.306988	5.31542e-05	0.487018	
0.310141	-0.00866645	0.487352	0.306988	5.31542e-05	0.487018	
0.310092	-0.00865709	0.487378	0.306988	5.31542e-05	0.487018	
0.310043	-0.00864523	0.487402	0.306988	5.31542e-05	0.487018	
0.309995	-0.00863358	0.487425	0.306988	5.31542e-05	0.487018	
0.309947	-0.0086191	0.487448	0.306988	5.31542e-05	0.487018	
0.309896	-0.0086033	0.487466	0.306988	5.31542e-05	0.487018	
0.309847	-0.00858746	0.487489	0.306988	5.31542e-05	0.487018	
0.309797	-0.00856917	0.48751	0.306988	5.31542e-05	0.487018	
0.309748	-0.00855114	0.48753	0.306988	5.31542e-05	0.487018	
0.309699	-0.00853034	0.487549	0.306988	5.31542e-05	0.487018	
0.309648	-0.0085083	0.487565	0.306988	5.31542e-05	0.487018	
0.309598	-0.00848628	0.487584	0.306988	5.31542e-05	0.487018	
0.309547	-0.00846182	0.487603	0.306988	5.31542e-05	0.487018	
0.309498	-0.00843767	0.48762	0.306988	5.31542e-05	0.487018	
0.309449	-0.00841078	0.487636	0.306988	5.31542e-05	0.487018	
0.309397	-0.00838275	0.487649	0.306988	5.31542e-05	0.487018	
0.309346	-0.00835453	0.487664	0.306988	5.31542e-05	0.487018	
0.309296	-0.0083226	0.48768	0.306988	5.31542e-05	0.487018	
0.309246	-0.00829297	0.487692	0.306988	5.31542e-05	0.487018	
0.309197	-0.00825858	0.487707	0.306988	5.31542e-05	0.487018	
0.309147	-0.00822764	0.487719	0.306988	5.31542e-05	0.487018	
0.309096	-0.00819354	0.487731	0.306988	5.31542e-05	0.487018	
0.309043	-0.00815852	0.48774	0.306988	5.31542e-05	0.487018	
0.308992	-0.00812345	0.487752	0.306988	5.31542e-05	0.487018	
0.30894	-0.00808564	0.487765	0.306988	5.31542e-05	0.487018	
0.308889	-0.00804738	0.487773	0.306988	5.31542e-05	0.487018	
0.30884	-0.00800501	0.487784	0.306988	5.31542e-05	0.487018	
0.30879	-0.00796563	0.487792	0.306988	5.31542e-05	0.487018	
0.30874	-0.00792381	0.487799	0.306988	5.31542e-05	0.487018	
0.308687	-0.00788063	0.487803	0.306988	5.31542e-05	0.487018	
0.308636	-0.00783752	0.48781	0.306988	5.31542e-05	0.487018	
0.308584	-0.00779035	0.48782	0.306988	5.31542e-05	0.487018	
0.308533	-0.00774577	0.487824	0.306988	5.31542e-05	0.487018	
0.308484	-0.00769599	0.487832	0.306988	5.31542e-05	0.487018	
0.308435	-0.00764944	0.487834	0.306988	5.31542e-05	0.487018	
0.308386	-0.00759814	0.487838	0.306988	5.31542e-05	0.487018	
0.308333	-0.00754893	0.487839	0.306988	5.31542e-05	0.487018	
0.30828	-0.00750028	0.487843	0.306988	5.31542e-05	0.487018	
0.308228	-0.00744858	0.487848	0.306988	5.31542e-05	0.487018	
0.308177	-0.00739777	0.487852	0.306988	5.31542e-05	0.487018	
0.308128	-0.00734387	0.487855	0.306988	5.31542e-05	0.487018	
0.308079	-0.00728989	0.487853	0.306988	5.31542e-05	0.487018	
0.308031	-0.00723163	0.487853	0.306988	5.31542e-05	0.487018	
0.307979	-0.00717539	0.487849	0.306988	5.31542e-05	0.487018	
0.307929	-0.00711996	0.487849	0.306988	5.31542e-05	0.487018	
0.307877	-0.00706191	0.487849	0.306988	5.31542e-05	0.487018	
0.307827	-0.00700534	0.487849	0.306988	5.31542e-05	0.487018	
0.307778	-0.00694618	0.487849	0.306988	5.31542e-05	0.487018	
0.30773	-0.00688735	0.487844	0.306988	5.31542e-05	0.487018	
0.307682	-0.00682467	0.487842	0.306988	5.31542e-05	0.487018	
0.307632	-0.00676426	0.487834	0.306988	5.31542e-05	0.487018	
0.307582	-0.00670463	0.487831	0.306988	5.31542e-05	0.487018	
0.307532	-0.00664251	0.487828	0.306988	5.31542e-05	0.487018	
0.307483	-0.00658105	0.487823	0.306988	5.31542e-05	0.487018	
0.307436	-0.00651543	0.48782	0.306988	5.31542e-05	0.487018	
0.307387	-0.00645296	0.487812	0.306988	5.31542e-05	0.487018	
0.307339	-0.00639091	0.487807	0.306988	5.31542e-05	0.487018	
0.307291	-0.00632649	0.487801	0.306988	5.31542e-05	0.487018	
0.307244	-0.00626282	0.487792	0.306988	5.31542e-05	0.487018	
0.307199	-0.00619498	0.487786	0.306988	5.31542e-05	0.487018	
0.307151	-0.00613035	0.487775	0.306988	5.31542e-05	0.487018	
0.307104	-0.00606639	0.487768	0.306988	5.31542e-05	0.487018	
0.307057	-0.00600006	0.487761	0.306988	5.31542e-05	0.487018	
0.307011	-0.00593569	0.487752	0.306988	5.31542e-05	0.487018	
0.306966	-0.00586863	0.487744	0.306988	5.31542e-05	0.487018	
0.306922	-0.00580236	0.487731	0.306988	5.31542e-05	0.487018	
0.306878	-0.0057325	0.487722	0.306988	5.31542e-05	0.487018	
0.306832	-0.00566537	0.487708	0.306988	5.31542e-05	0.487018	
0.306787	-0.00559951	0.487698	0.306988	5.31542e-05	0.487018	
0.306741	-0.00553154	0.487688	0.306988	5.31542e-05	0.487018	
0.306696	-0.00546476	0.487676	0.306988	5.31542e-05	0.487018	
0.306654	-0.00539416	0.487668	0.306988	5.31542e-05	0.487018	
0.306609	-0.00532712	0.487653	0.306988	5.31542e-05	0.487018	
0.306566	-0.00526101	0.487642	0.306988	5.31542e-05	0.487018	
0.306523	-0.00519271	0.48763	0.306988	5.31542e-05	0.487018	
0.306482	-0.00512554	0.487615	0.306988	5.31542e-05	0.487018	
0.306442	-0.00505441	0.487604	0.306988	5.31542e-05	0.487018	
0.306399	-0.00498687	0.487587	0.306988	5.31542e-05	0.487018	
0.306358	-0.00492052	0.487574	0.306988	5.31542e-05	0.487018	
0.306317	-0.00485189	0.487561	0.306988	5.31542e-05	0.487018	
0.306277	-0.00478464	0.487545	0.306988	5.31542e-05	0.487018	
0.306238	-0.00471364	0.487533	0.306988	5.31542e-05	0.487018	
0.306197	-0.00464636	0.487515	0.306988	5.31542e-05	0.487018	
0.306158	-0.00458039	0.487501	0.306988	5.31542e-05	0.487018	
0.306119	-0.00451228	0.487487	0.306988	5.31542e-05	0.487018	
0.306081	-0.00444564	0.48747	0.306988	5.31542e-05	0.487018	
0.306045	-0.00437524	0.487456	0.306988	5.31542e-05	0.487018	
0.306006	-0.00430862	0.487437	0.306988	5.31542e-05	0.487018	
0.305969	-0.00424338	0.487422	0.306988	5.31542e-05	0.487018	
0.305931	-0.00417598	0.487407	0.306988	5.31542e-05	0.487018	
0.305896	-0.00411018	0.487389	0.306988	5.31542e-05	0.487018	
0.305862	-0.00404067	0.487375	0.306988	5.31542e-05	0.487018	
0.305825	-0.00397501	0.487355	0.306988	5.31542e-05	0.487018	
0.30579	-0.00391083	0.487339	0.306988	5.31542e-05	0.487018	
0.305755	-0.00384455	0.487323	0.306988	5.31542e-05	0.487018	
0.305721	-0.00378	0.487304	0.306988	5.31542e-05	0.487018	
0.305689	-0.00371177	0.487289	0.306988	5.31542e-05	0.487018	
0.305658	-0.00364912	0.487271	0.306988	5.31542e-05	0.487018	
0.305625	-0.00358451	0.487252	0.306988	5.31542e-05	0.487018	
0.305591	-0.00352054	0.487232	0.306988	5.31542e-05	0.487018	
0.305558	-0.00345809	0.487215	0.306988	5.31542e-05	0.487018	
0.305526	-0.00339356	0.4872	0.306988	5.31542e-05	0.487018	
0.305495	-0.00333093	0.487182	0.306988	5.31542e-05	0.487018	
0.305466	-0.00326454	0.487166	0.306988	5.31542e-05	0.487018	
0.305435	-0.00320234	0.487146	0.306988	5.31542e-05	0.487018	
0.305406	-0.00314171	0.487128	0.306988	5.31542e-05	0.487018	
0.305377	-0.00307923	0.487111	0.306988	5.31542e-05	0.487018	
0.305349	-0.00301887	0.48709	0.306988	5.31542e-05	0.487018	
0.305322	-0.00295482	0.487074	0.306988	5.31542e-05	0.487018	
0.305296	-0.00289667	0.487054	0.306988	5.31542e-05	0.487018	
0.30527	-0.00283606	0.487036	0.306988	5.31542e-05	0.487018	
0.305241	-0.00277706	0.487015	0.306988	5.31542e-05	0.487018	
0.305214	-0.00271956	0.486998	0.306988	5.31542e-05	0.487018	
0.305187	-0.00266007	0.486982	0.306988	5.31542e-05	0.487018	
0.305161	-0.00260251	0.486964	0.306988	5.31542e-05	0.487018	
0.305138	-0.00254116	0.486948	0.306988	5.31542e-05	0.487018	
0.305116	-0.0024856	0.486929	0.306988	5.31542e-05	0.487018	
0.305093	-0.00242841	0.48691	0.306988	5.31542e-05	0.487018	
0.305069	-0.00237237	0.486888	0.306988	5.31542e-05	0.487018	
0.305045	-0.00231803	0.48687	0.306988	5.31542e-05	0.487018	
0.305021	-0.00226174	0.486855	0.306988	5.31542e-05	0.487018	
0.305	-0.0022077	0.486836	0.306988	5.31542e-05	0.487018	
0.30498	-0.00214988	0.486821	0.306988	5.31542e-05	0.487018	
0.30496	-0.00209801	0.486802	0.306988	5.31542e-05	0.487018	
0.304941	-0.00204457	0.486784	0.306988	5.31542e-05	0.487018	
0.30492	-0.00199233	0.486762	0.306988	5.31542e-05	0.487018	
0.3049	-0.00194169	0.486746	0.306988	5.31542e-05	0.487018	
0.304879	-0.00188906	0.48673	0.306988	5.31542e-05	0.487018	
0.304861	-0.00183877	0.486712	0.306988	5.31542e-05	0.487018	
0.304845	-0.00178459	0.486697	0.306988	5.31542e-05	0.487018	
0.304829	-0.00173645	0.486679	0.306988	5.31542e-05	0.487018	
0.304813	-0.00168676	0.486662	0.306988	5.31542e-05	0.487018	
0.304795	-0.0016384	0.486641	0.306988	5.31542e-05	0.487018	
0.304778	-0.00159164	0.486625	0.306988	5.31542e-05	0.487018	
0.304762	-0.00154292	0.486611	0.306988	5.31542e-05	0.487018	
0.304747	-0.00149662	0.486593	0.306988	5.31542e-05	0.487018	
0.304734	-0.0014464	0.486579	0.306988	5.31542e-05	0.487018	
0.304721	-0.00140227	0.486562	0.306988	5.31542e-05	0.487018	
0.304709	-0.00135658	0.486545	0.306988	5.31542e-05	0.487018	
0.304694	-0.0013123	0.486526	0.306988	5.31542e-05	0.487018	
0.304681	-0.00126961	0.486511	0.306988	5.31542e-05	0.487018	
0.304668	-0.00122492	0.486497	0.306988	5.31542e-05	0.487018	
0.304656	-0.00118273	0.486481	0.306988	5.31542e-05	0.487018	
0.304646	-0.00113655	0.486468	0.306988	5.31542e-05	0.487018	
0.304637	-0.00109651	0.486452	0.306988	5.31542e-05	0.487018	
0.304628	-0.00105491	0.486437	0.306988	5.31542e-05	0.487018	
0.304617	-0.00101479	0.486418	0.306988	5.31542e-05	0.487018	
0.304607	-0.00097624	0.486404	0.306988	5.31542e-05	0.487018	
0.304597	-0.000935686	0.486392	0.306988	5.31542e-05	0.487018	
0.304588	-0.000897667	0.486377	0.306988	5.31542e-05	0.487018	
0.304582	-0.000855611	0.486366	0.306988	5.31542e-05	0.487018	
0.304576	-0.000819721	0.486351	0.306988	5.31542e-05	0.487018	
0.30457	-0.000782244	0.486337	0.306988	5.31542e-05	0.487018	
0.304562	-0.0007463	0.486319	0.306988	5.31542e-05	0.487018	
0.304555	-0.000711913	0.486307	0.306988	5.31542e-05	0.487018	
0.304548	-0.000675497	0.486296	0.306988	5.31542e-05	0.487018	
0.304543	-0.000641648	0.486282	0.306988	5.31542e-05	0.487018	
0.30454	-0.000603704	0.486273	0.306988	5.31542e-05	0.487018	
0.304537	-0.000571944	0.486259	0.306988	5.31542e-05	0.487018	
0.304534	-0.000538564	0.486247	0.306988	5.31542e-05	0.487018	
0.304529	-0.000506763	0.486231	0.306988	5.31542e-05	0.487018	
0.304526	-0.000476495	0.48622	0.306988	5.31542e-05	0.487018	
0.304522	-0.000444173	0.486211	0.306988	5.31542e-05	0.487018	
0.30452	-0.000414438	0.486199	0.306988	5.31542e-05	0.487018	
0.304519	-0.000380547	0.48619	0.306988	5.31542e-05	0.487018	
0.30452	-0.000352848	0.486178	0.306988	5.31542e-05	0.487018	
0.30452	-0.000323485	0.486168	0.306988	5.31542e-05	0.487018	
0.304518	-0.000295738	0.486154	0.306988	5.31542e-05	0.487018	
0.304517	-0.000269494	0.486144	0.306988	5.31542e-05	0.487018	
0.304516	-0.000241169	0.486137	0.306988	5.31542e-05	0.487018	
0.304517	-0.000215443	0.486126	0.306988	5.31542e-05	0.487018	
0.30452	-0.000185494	0.48612	0.306988	5.31542e-05	0.487018	
0.304523	-0.000161741	0.486109	0.306988	5.31542e-05	0.487018	
0.304526	-0.00013627	0.4861	0.306988	5.31542e-05	0.487018	
0.304526	-0.000112441	0.486088	0.306988	5.31542e-05	0.487018	
0.304529	-9.00842e-05	0.48608	0.306988	5.31542e-05	0.487018	
0.30453	-6.56153e-05	0.486074	0.306988	5.31542e-05	0.487018	
0.304534	-4.37483e-05	0.486066	0.306988	5.31542e-05	0.487018	
0.304539	-1.75914e-05	0.486061	0.306988	5.31542e-05	0.487018	
0.304545	2.37457e-06	0.486052	0.306988	5.31542e-05	0.487018	
0.304551	2.41176e-05	0.486045	0.306988	5.31542e-05	0.487018	
0.304554	4.41999e-05	0.486034	0.306988	5.31542e-05	0.487018	
0.304559	6.28452e-05	0.486028	0.306988	5.31542e-05	0.487018	
0.304563	8.36362e-05	0.486024	0.306988	5.31542e-05	0.487018	
0.304569	0.000101828	0.486017	0.306988	5.31542e-05	0.487018	
0.304577	0.00012438	0.486014	0.306988	5.31542e-05	0.487018	
0.304586	0.00014075	0.486007	0.306988	5.31542e-05	0.487018	
0.304594	0.000158963	0.486001	0.306988	5.31542e-05	0.487018	
0.304599	0.000175503	0.485992	0.306988	5.31542e-05	0.487018	
0.304607	0.000190644	0.485988	0.306988	5.31542e-05	0.487018	
0.304614	0.000207965	0.485986	0.306988	5.31542e-05	0.487018	
0.304622	0.000222696	0.485981	0.306988	5.31542e-05	0.487018	
0.304632	0.000241859	0.485979	0.306988	5.31542e-05	0.487018	
0.304643	0.000254852	0.485974	0.306988	5.31542e-05	0.487018	
0.304653	0.000269758	0.48597	0.306988	5.31542e-05	0.487018	
0.304661	0.000282987	0.485963	0.306988	5.31542e-05	0.487018	
0.304671	0.000294854	0.485961	0.306988	5.31542e-05	0.487018	
0.30468	0.00030894	0.48596	0.306988	5.31542e-05	0.487018	
0.304691	0.000320446	0.485956	0.306988	5.31542e-05	0.487018	
0.304703	0.000336459	0.485957	0.306988	5.31542e-05	0.487018	
0.304716	0.000346316	0.485953	0.306988	5.31542e-05	0.487018	
0.304728	0.00035816	0.485951	0.306988	5.31542e-05	0.487018	
0.304738	0.000368326	0.485945	0.306988	5.31542e-05	0.487018	
0.30475	0.00037717	0.485945	0.306988	5.31542e-05	0.487018	
0.304761	0.000388272	0.485946	0.306988	5.31542e-05	0.487018	
0.304774	0.000396808	0.485944	0.306988	5.31542e-05	0.487018	
0.304788	0.000409924	0.485946	0.306988	5.31542e-05	0.487018	
0.304803	0.000416902	0.485944	0.306988	5.31542e-05	0.487018	
0.304817	0.000425946	0.485943	0.306988	5.31542e-05	0.487018	
0.304829	0.000433313	0.485939	0.306988	5.31542e-05	0.487018	
0.304843	0.000439397	0.48594	0.306988	5.31542e-05	0.487018	
0.304856	0.000447778	0.485943	0.306988	5.31542e-05	0.487018	
0.30487	0.00045361	0.485942	0.306988	5.31542e-05	0.487018	
0.304886	0.000464096	0.485946	0.306988	5.31542e-05	0.487018	
0.304903	0.000468461	0.485945	0.306988	5.31542e-05	0.487018	
0.304919	0.000474978	0.485946	0.306988	5.31542e-05	0.487018	
0.304933	0.000479816	0.485944	0.306988	5.31542e-05	0.487018	
0.304948	0.000483412	0.485946	0.306988	5.31542e-05	0.487018	
0.304962	0.000489342	0.48595	0.306988	5.31542e-05	0.487018	
0.304978	0.000492745	0.485951	0.306988	5.31542e-05	0.487018	
0.304996	0.000500872	0.485956	0.306988	5.31542e-05	0.487018	
0.305014	0.000502897	0.485957	0.306988	5.31542e-05	0.487018	
0.305032	0.000507153	0.48596	0.306988	5.31542e-05	0.487018	
0.305047	0.000509737	0.485958	0.306988	5.31542e-05	0.487018	
0.305063	0.000511121	0.485962	0.306988	5.31542e-05	0.487018	
0.305079	0.000514877	0.485968	0.306988	5.31542e-05	0.487018	
0.305097	0.000516126	0.48597	0.306988	5.31542e-05	0.487018	
0.305116	0.00052217	0.485976	0.306988	5.31542e-05	0.487018	
0.305135	0.000522132	0.485979	0.306988	5.31542e-05	0.487018	
0.305154	0.000524397	0.485982	0.306988	5.31542e-05	0.487018	
0.305171	0.000525004	0.485983	0.306988	5.31542e-05	0.487018	
0.305189	0.000524453	0.485988	0.306988	5.31542e-05	0.487018	
0.305206	0.00052631	0.485995	0.306988	5.31542e-05	0.487018	
0.305224	0.000525677	0.485998	0.306988	5.31542e-05	0.487018	
0.305245	0.00052991	0.486005	0.306988	5.31542e-05	0.487018	
0.305266	0.000528079	0.486009	0.306988	5.31542e-05	0.487018	
0.305286	0.000528617	0.486014	0.306988	5.31542e-05	0.487018	
0.305303	0.000527519	0.486015	0.306988	5.31542e-05	0.487018	
0.305322	0.000525301	0.486021	0.306988	5.31542e-05	0.487018	
0.30534	0.000525528	0.486029	0.306988	5.31542e-05	0.487018	
0.30536	0.000523282	0.486034	0.306988	5.31542e-05	0.487018	
0.305381	0.000525973	0.486042	0.306988	5.31542e-05	0.487018	
0.305403	0.000522614	0.486047	0.306988	5.31542e-05	0.487018	
0.305424	0.000521699	0.486053	0.306988	5.31542e-05	0.487018	
0.305442	0.000519153	0.486055	0.306988	5.31542e-05	0.487018	
0.305462	0.000515527	0.486062	0.306988	5.31542e-05	0.487018	
0.305481	0.000514385	0.486071	0.306988	5.31542e-05	0.487018	
0.305502	0.000510787	0.486077	0.306988	5.31542e-05	0.487018	
0.305524	0.000512193	0.486086	0.306988	5.31542e-05	0.487018	
0.305546	0.000507565	0.486092	0.306988	5.31542e-05	0.487018	
0.305568	0.000505443	0.486098	0.306988	5.31542e-05	0.487018	
0.305587	0.000501707	0.486102	0.306988	5.31542e-05	0.487018	
0.305608	0.000496927	0.48611	0.306988	5.31542e-05	0.487018	
0.305628	0.000494665	0.48612	0.306988	5.31542e-05	0.487018	
0.305649	0.000489962	0.486126	0.306988	5.31542e-05	0.487018	
0.305672	0.000490328	0.486136	0.306988	5.31542e-05	0.487018	
0.305695	0.000484673	0.486142	0.306988	5.31542e-05	0.487018	
0.305717	0.000481583	0.48615	0.306988	5.31542e-05	0.487018	
0.305737	0.000476897	0.486154	0.306988	5.31542e-05	0.487018	
0.305758	0.0004712	0.486163	0.306988	5.31542e-05	0.487018	
0.305778	0.000468056	0.486173	0.306988	5.31542e-05	0.487018	
0.3058	0.000462482	0.48618	0.306988	5.31542e-05	0.487018	
0.305823	0.000462039	0.486191	0.306988	5.31542e-05	0.487018	
0.305847	0.000455585	0.486198	0.306988	5.31542e-05	0.487018	
0.30587	0.000451754	0.486206	0.306988	5.31542e-05	0.487018	
0.30589	0.000446343	0.48621	0.306988	5.31542e-05	0.487018	
0.305911	0.000439953	0.48622	0.306988	5.31542e-05	0.487018	
0.305932	0.000436147	0.486231	0.306988	5.31542e-05	0.487018	
0.305954	0.00042992	0.486238	0.306988	5.31542e-05	0.487018	
0.305978	0.000428884	0.48625	0.306988	5.31542e-05	0.487018	
0.306002	0.000421843	0.486257	0.306988	5.31542e-05	0.487018	
0.306025	0.000417474	0.486266	0.306988	5.31542e-05	0.487018	
0.306045	0.000411547	0.486271	0.306988	5.31542e-05	0.487018	
0.306067	0.000404669	0.48628	0.306988	5.31542e-05	0.487018	
0.306088	0.000400404	0.486292	0.306988	5.31542e-05	0.487018	
0.30611	0.000393725	0.4863	0.306988	5.31542e-05	0.487018	
0.306134	0.000392293	0.486312	0.306988	5.31542e-05	0.487018	
0.306158	0.000384863	0.486319	0.306988	5.31542e-05	0.487018	
0.306181	0.000380129	0.486328	0.306988	5.31542e-05	0.487018	
0.306201	0.000373886	0.486333	0.306988	5.31542e-05	0.487018	
0.306223	0.000366721	0.486343	0.306988	5.31542e-05	0.487018	
0.306244	0.00036219	0.486355	0.306988	5.31542e-05	0.487018	
0.306266	0.000355241	0.486363	0.306988	5.31542e-05	0.487018	
0.30629	0.000353594	0.486375	0.306988	5.31542e-05	0.487018	
0.306314	0.000345944	0.486383	0.306988	5.31542e-05	0.487018	
0.306338	0.000341054	0.486392	0.306988	5.31542e-05	0.487018	
0.306358	0.000334657	0.486398	0.306988	5.31542e-05	0.487018	
0.30638	0.000327359	0.486408	0.306988	5.31542e-05	0.487018	
0.306401	0.000322721	0.48642	0.306988	5.31542e-05	0.487018	
0.306423	0.000315662	0.486428	0.306988	5.31542e-05	0.487018	
0.306447	0.000313957	0.48644	0.306988	5.31542e-05	0.487018	
0.306471	0.000306247	0.486448	0.306988	5.31542e-05	0.487018	
0.306494	0.000301358	0.486457	0.306988	5.31542e-05	0.487018	
0.306514	0.000294962	0.486463	0.306988	5.31542e-05	0.487018	
0.306535	0.000287683	0.486473	0.306988	5.31542e-05	0.487018	
0.306556	0.000283084	0.486485	0.306988	5.31542e-05	0.487018	
0.306578	0.00027606	0.486493	0.306988	5.31542e-05	0.487018	
0.306602	0.000274438	0.486505	0.306988	5.31542e-05	0.487018	
0.306625	0.000266805	0.486513	0.306988	5.31542e-05	0.487018	
0.306648	0.000262051	0.486522	0.306988	5.31542e-05	0.487018	
0.306668	0.000255787	0.486528	0.306988	5.31542e-05	0.487018	
0.306689	0.000248657	0.486538	0.306988	5.31542e-05	0.487018	
0.30671	0.000244224	0.48655	0.306988	5.31542e-05	0.487018	
0.306732	0.000237361	0.486558	0.306988	5.31542e-05	0.487018	
0.306755	0.000235944	0.48657	0.306988	5.31542e-05	0.487018	
0.306778	0.000228509	0.486578	0.306988	5.31542e-05	0.487018	
0.306801	0.000224005	0.486587	0.306988	5.31542e-05	0.487018	
0.30682	0.000217989	0.486592	0.306988	5.31542e-05	0.487018	
0.306841	0.000211119	0.486602	0.306988	5.31542e-05	0.487018	
0.306861	0.00020696	0.486614	0.306988	5.31542e-05	0.487018	
0.306882	0.000200365	0.486622	0.306988	5.31542e-05	0.487018	
0.306905	0.000199255	0.486634	0.306988	5.31542e-05	0.487018	
0.306925	0.000193775	0.48664	0.306988	5.31542e-05	0.487018	
0.306947	0.00018748	0.48665	0.306988	5.31542e-05	0.487018	
0.306968	0.00018348	0.48666	0.306988	5.31542e-05	0.487018	
0.30699	0.000176778	0.486666	0.306988	5.31542e-05	0.487018	
0.307012	0.000175473	0.486677	0.306988	5.31542e-05	0.487018	
0.307034	0.000168023	0.486684	0.306988	5.31542e-05	0.487018	
0.307055	0.000163768	0.486693	0.306988	5.31542e-05	0.487018	
0.307073	0.00015812	0.486698	0.306988	5.31542e-05	0.487018	
0.307093	0.000151803	0.486709	0.306988	5.31542e-05	0.487018	
0.307112	0.000148237	0.486721	0.306988	5.31542e-05	0.487018	
0.307132	0.000142365	0.486729	0.306988	5.31542e-05	0.487018	
0.307154	0.000142057	0.48674	0.306988	5.31542e-05	0.487018	
0.307174	0.000137483	0.486745	0.306988	5.31542e-05	0.487018	
0.307195	0.000132047	0.486754	0.306988	5.31542e-05	0.487018	
0.307215	0.000128896	0.486763	0.306988	5.31542e-05	0.487018	
0.307235	0.000122967	0.486769	0.306988	5.31542e-05	0.487018	
0.307256	0.000122417	0.486779	0.306988	5.31542e-05	0.487018	
0.307278	0.000115673	0.486785	0.306988	5.31542e-05	0.487018	
0.307297	0.000112196	0.486794	0.306988	5.31542e-05	0.487018	
0.307314	0.000107317	0.486799	0.306988	5.31542e-05	0.487018	
0.307332	0.000101803	0.486809	0.306988	5.31542e-05	0.487018	
0.30735	9.90509e-05	0.48682	0.306988	5.31542e-05	0.487018	
0.30737	9.39989e-05	0.486827	0.306988	5.31542e-05	0.487018	
0.307391	9.45788e-05	0.486838	0.306988	5.31542e-05	0.487018	
0.307409	9.09046e-05	0.486842	0.306988	5.31542e-05	0.487018	
0.307428	8.63794e-05	0.48685	0.306988	5.31542e-05	0.487018	
0.307447	8.41487e-05	0.486859	0.306988	5.31542e-05	0.487018	
0.307466	7.9109e-05	0.486864	0.306988	5.31542e-05	0.487018	
0.307486	7.94848e-05	0.486873	0.306988	5.31542e-05	0.487018	
0.307503	7.54622e-05	0.486877	0.306988	5.31542e-05	0.487018	
0.307522	7.062e-05	0.486886	0.306988	5.31542e-05	0.487018	
0.307539	6.82948e-05	0.486895	0.306988	5.31542e-05	0.487018	
0.307557	6.34356e-05	0.486901	0.306988	5.31542e-05	0.487018	
0.307577	6.41714e-05	0.486911	0.306988	5.31542e-05	0.487018	
0.307593	6.07945e-05	0.486914	0.306988	5.31542e-05	0.487018	
0.307611	5.66678e-05	0.486922	0.306988	5.31542e-05	0.487018	
0.307628	5.50274e-05	0.486931	0.306988	5.31542e-05	0.487018	
0.307646	5.07218e-05	0.486936	0.306988	5.31542e-05	0.487018	
0.307665	5.19292e-05	0.486945	0.306988	5.31542e-05	0.487018	
0.307681	4.89291e-05	0.486948	0.306988	5.31542e-05	0.487018	
0.307698	4.50801e-05	0.486956	0.306988	5.31542e-05	0.487018	
0.307714	4.37134e-05	0.486964	0.306988	5.31542e-05	0.487018	
0.307731	3.972e-05	0.486969	0.306988	5.31542e-05	0.487018	
0.30775	4.12516e-05	0.486978	0.306988	5.31542e-05	0.487018	
0.307765	3.86377e-05	0.486981	0.306988	5.31542e-05	0.487018	
0.307781	3.52138e-05	0.486988	0.306988	5.31542e-05	0.487018	
0.307797	3.4291e-05	0.486996	0.306988	5.31542e-05	0.487018	
0.307814	3.07152e-05	0.487	0.306988	5.31542e-05	0.487018	
0.307831	3.26869e-05	0.487009	0.306988	5.31542e-05	0.487018	
0.307846	3.04984e-05	0.487011	0.306988	5.31542e-05	0.487018	
0.307862	2.74787e-05	0.487018	0.306988	5.31542e-05	0.487018	
0.307877	2.69581e-05	0.487026	0.306988	5.31542e-05	0.487018	
0.307893	2.37691e-05	0.48703	0.306988	5.31542e-05	0.487018	
0.307909	2.61275e-05	0.487038	0.306988	5.31542e-05	0.487018	
0.307923	2.43238e-05	0.48704	0.306988	5.31542e-05	0.487018	
0.307938	2.16914e-05	0.487046	0.306988	5.31542e-05	0.487018	
0.307953	2.15573e-05	0.487054	0.306988	5.31542e-05	0.487018	
0.307968	1.87392e-05	0.487057	0.306988	5.31542e-05	0.487018	
0.307984	2.14883e-05	0.487065	0.306988	5.31542e-05	0.487018	
0.307997	2.00676e-05	0.487067	0.306988	5.31542e-05	0.487018	
0.308012	1.78183e-05	0.487073	0.306988	5.31542e-05	0.487018	
0.308025	1.80709e-05	0.48708	0.306988	5.31542e-05	0.487018	
0.30804	1.56207e-05	0.487083	0.306988	5.31542e-05	0.487018	
0.308055	1.87495e-05	0.48709	0.306988	5.31542e-05	0.487018	
0.308067	1.76977e-05	0.487092	0.306988	5.31542e-05	0.487018	
0.308081	1.58169e-05	0.487097	0.306988	5.31542e-05	0.487018	
0.308094	1.64345e-05	0.487104	0.306988	5.31542e-05	0.487018	
0.308108	1.43313e-05	0.487107	0.306988	5.31542e-05	0.487018	
0.308122	1.78206e-05	0.487113	0.306988	5.31542e-05	0.487018	
0.308134	1.71174e-05	0.487115	0.306988	5.31542e-05	0.487018	
0.308147	1.55856e-05	0.48712	0.306988	5.31542e-05	0.487018	
0.308159	1.65525e-05	0.487126	0.306988	5.31542e-05	0.487018	
0.308172	1.47803e-05	0.487129	0.306988	5.31542e-05	0.487018	
0.308186	1.86138e-05	0.487135	0.306988	5.31542e-05	0.487018	
0.308197	1.82422e-05	0.487136	0.306988	5.31542e-05	0.487018	
0.308209	1.70425e-05	0.487141	0.306988	5.31542e-05	0.487018	
0.308221	1.8339e-05	0.487147	0.306988	5.31542e-05	0.487018	
0.308233	1.6878e-05	0.487149	0.306988	5.31542e-05	0.487018	
0.308246	2.10346e-05	0.487155	0.306988	5.31542e-05	0.487018	
0.308256	2.09725e-05	0.487155	0.306988	5.31542e-05	0.487018	
0.308267	2.00818e-05	0.48716	0.306988	5.31542e-05	0.487018	
0.308278	2.1686e-05	0.487165	0.306988	5.31542e-05	0.487018	
0.30829	2.05142e-05	0.487167	0.306988	5.31542e-05	0.487018	
0.308302	2.49718e-05	0.487173	0.306988	5.31542e-05	0.487018	
0.308311	2.51966e-05	0.487173	0.306988	5.31542e-05	0.487018	
0.308322	2.45927e-05	0.487177	0.306988	5.31542e-05	0.487018	
0.308332	2.64816e-05	0.487182	0.306988	5.31542e-05	0.487018	
0.308343	2.55764e-05	0.487184	0.306988	5.31542e-05	0.487018	
0.308354	3.03113e-05	0.487189	0.306988	5.31542e-05	0.487018	
0.308363	3.07991e-05	0.487189	0.306988	5.31542e-05	0.487018	
0.308373	3.04576e-05	0.487193	0.306988	5.31542e-05	0.487018	
0.308382	3.26069e-05	0.487198	0.306988	5.31542e-05	0.487018	
0.308392	3.19439e-05	0.487199	0.306988	5.31542e-05	0.487018	
0.308403	3.69316e-05	0.487204	0.306988	5.31542e-05	0.487018	
0.30841	3.76574e-05	0.487203	0.306988	5.31542e-05	0.487018	
0.30842	3.7553e-05	0.487207	0.306988	5.31542e-05	0.487018	
0.308428	3.99376e-05	0.487212	0.306988	5.31542e-05	0.487018	
0.308437	3.94921e-05	0.487212	0.306988	5.31542e-05	0.487018	
0.308447	4.47071e-05	0.487217	0.306988	5.31542e-05	0.487018	
0.308454	4.56453e-05	0.487216	0.306988	5.31542e-05	0.487018	
0.308463	4.57522e-05	0.487219	0.306988	5.31542e-05	0.487018	
0.30847	4.83462e-05	0.487224	0.306988	5.31542e-05	0.487018	
0.308479	4.80928e-05	0.487224	0.306988	5.31542e-05	0.487018	
0.308488	5.35092e-05	0.487229	0.306988	5.31542e-05	0.487018	
0.308494	5.46337e-05	0.487228	0.306988	5.31542e-05	0.487018	
0.308502	5.49256e-05	0.487231	0.306988	5.31542e-05	0.487018	
0.308509	5.77029e-05	0.487235	0.306988	5.31542e-05	0.487018	
0.308516	5.76159e-05	0.487235	0.306988	5.31542e-05	0.487018	
0.308525	6.32075e-05	0.487239	0.306988	5.31542e-05	0.487018	
0.30853	6.44921e-05	0.487238	0.306988	5.31542e-05	0.487018	
0.308537	6.49427e-05	0.48724	0.306988	5.31542e-05	0.487018	
0.308543	6.78772e-05	0.487244	0.306988	5.31542e-05	0.487018	
0.30855	6.79307e-05	0.487244	0.306988	5.31542e-05	0.487018	
0.308558	7.36715e-05	0.487248	0.306988	5.31542e-05	0.487018	
0.308563	7.50901e-05	0.487246	0.306988	5.31542e-05	0.487018	
0.308569	7.5673e-05	0.487249	0.306988	5.31542e-05	0.487018	
0.308574	7.87386e-05	0.487253	0.306988	5.31542e-05	0.487018	
0.30858	7.89072e-05	0.487252	0.306988	5.31542e-05	0.487018	
0.308587	8.47713e-05	0.487256	0.306988	5.31542e-05	0.487018	
0.308591	8.62978e-05	0.487254	0.306988	5.31542e-05	0.487018	
0.308596	8.6987e-05	0.487256	0.306988	5.31542e-05	0.487018	
0.308601	9.01579e-05	0.48726	0.306988	5.31542e-05	0.487018	
0.308606	9.04164e-05	0.487259	0.306988	5.31542e-05	0.487018	
0.308613	9.63782e-05	0.487263	0.306988	5.31542e-05	0.487018	
0.308616	9.79873e-05	0.487261	0.306988	5.31542e-05	0.487018	
0.30862	9.87574e-05	0.487262	0.306988	5.31542e-05	0.487018	
0.308624	0.000102008	0.487266	0.306988	5.31542e-05	0.487018	
0.308629	0.000102332	0.487265	0.306988	5.31542e-05	0.487018	
0.308634	0.000108367	0.487268	0.306988	5.31542e-05	0.487018	
0.308637	0.000110034	0.487266	0.306988	5.31542e-05	0.487018	
0.308641	0.00011086	0.487268	0.306988	5.31542e-05	0.487018	
0.308644	0.000114166	0.487271	0.306988	5.31542e-05	0.487018	
0.308648	0.000114531	0.48727	0.306988	5.31542e-05	0.487018	
0.308653	0.000120615	0.487273	0.306988	5.31542e-05	0.487018	
0.308654	0.000122315	0.48727	0.306988	5.31542e-05	0.487018	
0.308657	0.000123173	0.487272	0.306988	5.31542e-05	0.487018	
0.30866	0.000126512	0.487275	0.306988	5.31542e-05	0.487018	
0.308663	0.000126895	0.487274	0.306988	5.31542e-05	0.487018	
0.308667	0.000133005	0.487277	0.306988	5.31542e-05	0.487018	
0.308668	0.000134716	0.487274	0.306988	5.31542e-05	0.487018	
0.30867	0.000135583	0.487275	0.306988	5.31542e-05	0.487018	
0.308672	0.00013893	0.487278	0.306988	5.31542e-05	0.487018	
0.308674	0.00013931	0.487277	0.306988	5.31542e-05	0.487018	
0.308678	0.000145423	0.48728	0.306988	5.31542e-05	0.487018	
0.308678	0.000147122	0.487277	0.306988	5.31542e-05	0.487018	
0.30868	0.000147977	0.487278	0.306988	5.31542e-05	0.487018	
0.308681	0.000151312	0.487281	0.306988	5.31542e-05	0.487018	
0.308683	0.000151667	0.487279	0.306988	5.31542e-05	0.487018	
0.308685	0.000157762	0.487282	0.306988	5.31542e-05	0.487018	
0.308685	0.000159429	0.487279	0.306988	5.31542e-05	0.487018	
0.308686	0.00016025	0.48728	0.306988	5.31542e-05	0.487018	
0.308686	0.000163552	0.487283	0.306988	5.31542e-05	0.487018	
0.308687	0.000163863	0.487281	0.306988	5.31542e-05	0.487018	
0.308689	0.000169921	0.487283	0.306988	5.31542e-05	0.487018	
0.308688	0.000171537	0.48728	0.306988	5.31542e-05	0.487018	
0.308689	0.000172304	0.487281	0.306988	5.31542e-05	0.487018	
0.308688	0.000175554	0.487284	0.306988	5.31542e-05	0.487018	
0.308689	0.000175802	0.487282	0.306988	5.31542e-05	0.487018	
0.30869	0.000181804	0.487284	0.306988	5.31542e-05	0.487018	
0.308688	0.00018335	0.487281	0.306988	5.31542e-05	0.487018	
0.308688	0.000184046	0.487282	0.306988	5.31542e-05	0.487018	
0.308687	0.000187226	0.487284	0.306988	5.31542e-05	0.487018	
0.308687	0.000187395	0.487283	0.306988	5.31542e-05	0.487018	
0.308688	0.000193324	0.487285	0.306988	5.31542e-05	0.487018	
0.308685	0.000194783	0.487282	0.306988	5.31542e-05	0.487018	
0.308684	0.000195391	0.487282	0.306988	5.31542e-05	0.487018	
0.308683	0.000198484	0.487285	0.306988	5.31542e-05	0.487018	
0.308682	0.000198558	0.487283	0.306988	5.31542e-05	0.487018	
0.308682	0.000204399	0.487285	0.306988	5.31542e-05	0.487018	
0.308679	0.000205755	0.487281	0.306988	5.31542e-05	0.487018	
0.308677	0.00020626	0.487282	0.306988	5.31542e-05	0.487018	
0.308675	0.000209252	0.487284	0.306988	5.31542e-05	0.487018	
0.308674	0.000209217	0.487282	0.306988	5.31542e-05	0.487018	
0.308673	0.000214955	0.487284	0.306988	5.31542e-05	0.487018	
0.308669	0.000216195	0.487281	0.306988	5.31542e-05	0.487018	
0.308667	0.000216583	0.487281	0.306988	5.31542e-05	0.487018	
0.308665	0.00021946	0.487284	0.306988	5.31542e-05	0.487018	
0.308662	0.000219303	0.487282	0.306988	5.31542e-05	0.487018	
0.308661	0.000224926	0.487284	0.306988	5.31542e-05	0.487018	
0.308657	0.000226037	0.48728	0.306988	5.31542e-05	0.487018	
0.308654	0.000226295	0.487281	0.306988	5.31542e-05	0.487018	
0.308651	0.000229046	0.487283	0.306988	5.31542e-05	0.487018	
0.308648	0.000228756	0.487281	0.306988	5.31542e-05	0.487018	
0.308647	0.000234252	0.487282	0.306988	5.31542e-05	0.487018	
0.308642	0.000235223	0.487279	0.306988	5.31542e-05	0.487018	
0.308639	0.000235341	0.487279	0.306988	5.31542e-05	0.487018	
0.308635	0.000237955	0.487281	0.306988	5.31542e-05	0.487018	
0.308632	0.000237522	0.487279	0.306988	5.31542e-05	0.487018	
0.308629	0.000242882	0.487281	0.306988	5.31542e-05	0.487018	
0.308624	0.000243704	0.487277	0.306988	5.31542e-05	0.487018	
0.30862	0.000243673	0.487278	0.306988	5.31542e-05	0.487018	
0.308616	0.00024614	0.48728	0.306988	5.31542e-05	0.487018	
0.308612	0.000245556	0.487278	0.306988	5.31542e-05	0.487018	
0.30861	0.000250771	0.487279	0.306988	5.31542e-05	0.487018	
0.308604	0.000251436	0.487276	0.306988	5.31542e-05	0.487018	
0.308599	0.000251247	0.487276	0.306988	5.31542e-05	0.487018	
0.308594	0.000253561	0.487278	0.306988	5.31542e-05	0.487018	
0.30859	0.000252818	0.487276	0.306988	5.31542e-05	0.487018	
0.308587	0.000257882	0.487278	0.306988	5.31542e-05	0.487018	
0.308581	0.000258384	0.487274	0.306988	5.31542e-05	0.487018	
0.308576	0.000258031	0.487274	0.306988	5.31542e-05	0.487018	
0.308571	0.000260185	0.487276	0.306988	5.31542e-05	0.487018	
0.308566	0.000259279	0.487274	0.306988	5.31542e-05	0.487018	
0.308562	0.000264186	0.487276	0.306988	5.31542e-05	0.487018	
0.308555	0.000264518	0.487272	0.306988	5.31542e-05	0.487018	
0.30855	0.000263997	0.487272	0.306988	5.31542e-05	0.487018	
0.308544	0.000265986	0.487274	0.306988	5.31542e-05	0.487018	
0.308539	0.000264913	0.487272	0.306988	5.31542e-05	0.487018	
0.308535	0.000269658	0.487273	0.306988	5.31542e-05	0.487018	
0.308528	0.000269818	0.48727	0.306988	5.31542e-05	0.487018	
0.308522	0.000269125	0.48727	0.306988	5.31542e-05	0.487018	
0.308516	0.000270946	0.487272	0.306988	5.31542e-05	0.487018	
0.30851	0.000269702	0.487269	0.306988	5.31542e-05	0.487018	
0.308506	0.000274284	0.487271	0.306988	5.31542e-05	0.487018	
0.308498	0.000274268	0.487267	0.306988	5.31542e-05	0.487018	
0.308492	0.0002734	0.487268	0.306988	5.31542e-05	0.487018	
0.308485	0.000275051	0.487269	0.306988	5.31542e-05	0.487018	
0.308479	0.000273636	0.487267	0.306988	5.31542e-05	0.487018	
0.308474	0.000278052	0.487269	0.306988	5.31542e-05	0.487018	
0.308466	0.00027786	0.487265	0.306988	5.31542e-05	0.487018	
0.30846	0.000276816	0.487265	0.306988	5.31542e-05	0.487018	
0.308452	0.000278296	0.487267	0.306988	5.31542e-05	0.487018	
0.308446	0.000276709	0.487265	0.306988	5.31542e-05	0.487018	
0.308441	0.000280959	0.487266	0.306988	5.31542e-05	0.487018	
0.308432	0.000280591	0.487262	0.306988	5.31542e-05	0.487018	
0.308425	0.000279372	0.487263	0.306988	5.31542e-05	0.487018	
0.308418	0.00028068	0.487264	0.306988	5.31542e-05	0.487018	
0.308411	0.000278923	0.487262	0.306988	5.31542e-05	0.487018	
0.308405	0.000283008	0.487264	0.306988	5.31542e-05	0.487018	
0.308397	0.000282464	0.48726	0.306988	5.31542e-05	0.487018	
0.30839	0.00028107	0.48726	0.306988	5.31542e-05	0.487018	
0.308382	0.000282209	0.487262	0.306988	5.31542e-05	0.487018	
0.308375	0.000280283	0.487259	0.306988	5.31542e-05	0.487018	
0.308369	0.000284205	0.487261	0.306988	5.31542e-05	0.487018	
0.308359	0.000283488	0.487257	0.306988	5.31542e-05	0.487018	
0.308352	0.000281922	0.487257	0.306988	5.31542e-05	0.487018	
0.308344	0.000282894	0.487259	0.306988	5.31542e-05	0.487018	
0.308336	0.000280801	0.487256	0.306988	5.31542e-05	0.487018	
0.30833	0.000284563	0.487258	0.306988	5.31542e-05	0.487018	
0.308321	0.000283676	0.487254	0.306988	5.31542e-05	0.487018	
0.308313	0.000281941	0.487254	0.306988	5.31542e-05	0.487018	
0.308305	0.00028275	0.487256	0.306988	5.31542e-05	0.487018	
0.308297	0.000280495	0.487254	0.306988	5.31542e-05	0.487018	
0.30829	0.0002841	0.487255	0.306988	5.31542e-05	0.487018	
0.308281	0.000283048	0.487251	0.306988	5.31542e-05	0.487018	
0.308273	0.000281148	0.487251	0.306988	5.31542e-05	0.487018	
0.308264	0.000281797	0.487253	0.306988	5.31542e-05	0.487018	
0.308256	0.000279384	0.487251	0.306988	5.31542e-05	0.487018	
0.308249	0.000282838	0.487252	0.306988	5.31542e-05	0.487018	
0.308239	0.000281624	0.487248	0.306988	5.31542e-05	0.487018	
0.308231	0.000279565	0.487248	0.306988	5.31542e-05	0.487018	
0.308222	0.000280059	0.48725	0.306988	5.31542e-05	0.487018	
0.308214	0.000277495	0.487247	0.306988	5.31542e-05	0.487018	
0.308207	0.000280801	0.487249	0.306988	5.31542e-05	0.487018	
0.308196	0.000279433	0.487245	0.306988	5.31542e-05	0.487018	
0.308188	0.000277219	0.487245	0.306988	5.31542e-05	0.487018	
0.308179	0.000277565	0.487247	0.306988	5.31542e-05	0.487018	
0.30817	0.000274855	0.487244	0.306988	5.31542e-05	0.487018	
0.308163	0.000278021	0.487246	0.306988	5.31542e-05	0.487018	
0.308153	0.000276503	0.487242	0.306988	5.31542e-05	0.487018	
0.308144	0.000274142	0.487242	0.306988	5.31542e-05	0.487018	
0.308135	0.000274346	0.487244	0.306988	5.31542e-05	0.487018	
0.308126	0.000271497	0.487241	0.306988	5.31542e-05	0.487018	
0.308119	0.000274529	0.487242	0.306988	5.31542e-05	0.487018	
0.308108	0.000272869	0.487239	0.306988	5.31542e-05	0.487018	
0.308099	0.000270367	0.487239	0.306988	5.31542e-05	0.487018	
0.30809	0.000270436	0.48724	0.306988	5.31542e-05	0.487018	
0.308081	0.000267455	0.487238	0.306988	5.31542e-05	0.487018	
0.308073	0.000270361	0.487239	0.306988	5.31542e-05	0.487018	
0.308063	0.000268566	0.487235	0.306988	5.31542e-05	0.487018	
0.308054	0.000265931	0.487235	0.306988	5.31542e-05	0.487018	
0.308044	0.000265872	0.487237	0.306988	5.31542e-05	0.487018	
0.308035	0.000262768	0.487234	0.306988	5.31542e-05	0.487018	
0.308027	0.000265555	0.487235	0.306988	5.31542e-05	0.487018	
0.308016	0.000263634	0.487231	0.306988	5.31542e-05	0.487018	
0.308007	0.000260873	0.487231	0.306988	5.31542e-05	0.487018	
0.307998	0.000260695	0.487233	0.306988	5.31542e-05	0.487018	
0.307988	0.000257475	0.48723	0.306988	5.31542e-05	0.487018	
0.307981	0.000260151	0.487232	0.306988	5.31542e-05	0.487018	
0.30797	0.000258111	0.487228	0.306988	5.31542e-05	0.487018	
0.30796	0.000255234	0.487228	0.306988	5.31542e-05	0.487018	
0.307951	0.000254944	0.487229	0.306988	5.31542e-05	0.487018	
0.307941	0.000251617	0.487227	0.306988	5.31542e-05	0.487018	
0.307933	0.000254191	0.487228	0.306988	5.31542e-05	0.487018	
0.307922	0.000252041	0.487224	0.306988	5.31542e-05	0.487018	
0.307913	0.000249056	0.487224	0.306988	5.31542e-05	0.487018	
0.307903	0.000248663	0.487225	0.306988	5.31542e-05	0.487018	
0.307894	0.000245238	0.487223	0.306988	5.31542e-05	0.487018	
0.307886	0.000247718	0.487224	0.306988	5.31542e-05	0.487018	
0.307875	0.000245467	0.48722	0.306988	5.31542e-05	0.487018	
0.307866	0.000242382	0.48722	0.306988	5.31542e-05	0.487018	
0.307856	0.000241896	0.487221	0.306988	5.31542e-05	0.487018	
0.307846	0.000238381	0.487218	0.306988	5.31542e-05	0.487018	
0.307838	0.000240776	0.48722	0.306988	5.31542e-05	0.487018	
0.307827	0.000238433	0.487216	0.306988	5.31542e-05	0.487018	
0.307818	0.000235258	0.487216	0.306988	5.31542e-05	0.487018	
0.307808	0.000234687	0.487217	0.306988	5.31542e-05	0.487018	
0.307798	0.000231092	0.487214	0.306988	5.31542e-05	0.487018	
0.30779	0.000233411	0.487215	0.306988	5.31542e-05	0.487018	
0.307779	0.000230985	0.487211	0.306988	5.31542e-05	0.487018	
0.30777	0.000227728	0.487211	0.306988	5.31542e-05	0.487018	
0.30776	0.000227081	0.487213	0.306988	5.31542e-05	0.487018	
0.30775	0.000223415	0.48721	0.306988	5.31542e-05	0.487018	
0.307742	0.000225667	0.487211	0.306988	5.31542e-05	0.487018	
0.307731	0.000223167	0.487207	0.306988	5.31542e-05	0.487018	
0.307722	0.000219838	0.487207	0.306988	5.31542e-05	0.487018	
0.307712	0.000219124	0.487208	0.306988	5.31542e-05	0.487018	
0.307702	0.000215396	0.487205	0.306988	5.31542e-05	0.487018	
0.307694	0.00021759	0.487206	0.306988	5.31542e-05	0.487018	
0.307686	0.000213013	0.487204	0.306988	5.31542e-05	0.487018	
0.307677	0.000212374	0.487203	0.306988	5.31542e-05	0.487018	
0.307665	0.000209644	0.487199	0.306988	5.31542e-05	0.487018	
0.307654	0.000206075	0.487199	0.306988	5.31542e-05	0.487018	
0.307644	0.000205494	0.487201	0.306988	5.31542e-05	0.487018	
0.307634	0.00020222	0.4872	0.306988	5.31542e-05	0.487018	
0.307626	0.00020496	0.487201	0.306988	5.31542e-05	0.487018	
0.307615	0.000202828	0.487197	0.306988	5.31542e-05	0.487018	
0.307607	0.000199822	0.487196	0.306988	5.31542e-05	0.487018	
0.307597	0.000199221	0.487197	0.306988	5.31542e-05	0.487018	
0.307588	0.000195442	0.487193	0.306988	5.31542e-05	0.487018	
0.30758	0.000197548	0.487194	0.306988	5.31542e-05	0.487018	
0.307572	0.000192717	0.487191	0.306988	5.31542e-05	0.487018	
0.307563	0.000191741	0.48719	0.306988	5.31542e-05	0.487018	
0.307551	0.000188752	0.487186	0.306988	5.31542e-05	0.487018	
0.30754	0.000185073	0.487187	0.306988	5.31542e-05	0.487018	
0.30753	0.000184389	0.487189	0.306988	5.31542e-05	0.487018	
0.30752	0.000181063	0.487188	0.306988	5.31542e-05	0.487018	
0.307513	0.000183833	0.487189	0.306988	5.31542e-05	0.487018	
0.307502	0.000181681	0.487185	0.306988	5.31542e-05	0.487018	
0.307494	0.000178667	0.487183	0.306988	5.31542e-05	0.487018	
0.307485	0.000178049	0.487184	0.306988	5.31542e-05	0.487018	
0.307476	0.000174229	0.48718	0.306988	5.31542e-05	0.487018	
0.307468	0.000176294	0.487181	0.306988	5.31542e-05	0.487018	
0.30746	0.000171394	0.487178	0.306988	5.31542e-05	0.487018	
0.307451	0.00017031	0.487177	0.306988	5.31542e-05	0.487018	
0.307439	0.000167235	0.487173	0.306988	5.31542e-05	0.487018	
0.307429	0.000163498	0.487174	0.306988	5.31542e-05	0.487018	
0.307418	0.000162763	0.487176	0.306988	5.31542e-05	0.487018	
0.307409	0.0001594	0.487174	0.306988	5.31542e-05	0.487018	
0.307402	0.000162158	0.487176	0.306988	5.31542e-05	0.487018	
0.307392	0.000159968	0.487171	0.306988	5.31542e-05	0.487018	
0.307384	0.000156926	0.48717	0.306988	5.31542e-05	0.487018	
0.307375	0.000156292	0.48717	0.306988	5.31542e-05	0.487018	
0.307366	0.000152463	0.487166	0.306988	5.31542e-05	0.487018	
0.307359	0.000154523	0.487167	0.306988	5.31542e-05	0.487018	
0.307351	0.00014961	0.487164	0.306988	5.31542e-05	0.487018	
0.307343	0.000148501	0.487163	0.306988	5.31542e-05	0.487018	
0.307331	0.000145409	0.487159	0.306988	5.31542e-05	0.487018	
0.307321	0.00014166	0.48716	0.306988	5.31542e-05	0.487018	
0.307311	0.000140925	0.487162	0.306988	5.31542e-05	0.487018	
0.307302	0.000137572	0.48716	0.306988	5.31542e-05	0.487018	
0.307295	0.000140347	0.487161	0.306988	5.31542e-05	0.487018	
0.307289	0.000136311	0.487158	0.306988	5.31542e-05	0.487018	
0.307281	0.000135895	0.487156	0.306988	5.31542e-05	0.487018	
0.307271	0.000133226	0.487151	0.306988	5.31542e-05	0.487018	
0.307261	0.000129552	0.48715	0.306988	5.31542e-05	0.487018	
0.307251	0.000128874	0.487152	0.306988	5.31542e-05	0.487018	
0.307242	0.000125431	0.48715	0.306988	5.31542e-05	0.487018	
0.307235	0.000128043	0.487152	0.306988	5.31542e-05	0.487018	
0.307229	0.000123858	0.487149	0.306988	5.31542e-05	0.487018	
0.307221	0.000123284	0.487148	0.306988	5.31542e-05	0.487018	
0.307211	0.000120534	0.487143	0.306988	5.31542e-05	0.487018	
0.307202	0.000116919	0.487142	0.306988	5.31542e-05	0.487018	
0.307192	0.000116318	0.487144	0.306988	5.31542e-05	0.487018	
0.307184	0.000112949	0.487141	0.306988	5.31542e-05	0.487018	
0.307177	0.000115686	0.487143	0.306988	5.31542e-05	0.487018	
0.307171	0.00011157	0.48714	0.306988	5.31542e-05	0.487018	
0.307164	0.000111048	0.487138	0.306988	5.31542e-05	0.487018	
0.307153	0.000108346	0.487133	0.306988	5.31542e-05	0.487018	
0.307145	0.00010477	0.487133	0.306988	5.31542e-05	0.487018	
0.307135	0.000104192	0.487134	0.306988	5.31542e-05	0.487018	
0.307127	0.000100864	0.487132	0.306988	5.31542e-05	0.487018	
0.307121	0.00010364	0.487134	0.306988	5.31542e-05	0.487018	
0.307115	9.95682e-05	0.487131	0.306988	5.31542e-05	0.487018	
0.307108	9.90877e-05	0.487129	0.306988	5.31542e-05	0.487018	
0.307098	9.64301e-05	0.487124	0.306988	5.31542e-05	0.487018	
0.30709	9.29022e-05	0.487123	0.306988	5.31542e-05	0.487018	
0.307081	9.23925e-05	0.487125	0.306988	5.31542e-05	0.487018	
0.307073	8.91285e-05	0.487123	0.306988	5.31542e-05	0.487018	
0.307067	9.19718e-05	0.487124	0.306988	5.31542e-05	0.487018	
0.307061	8.79631e-05	0.487121	0.306988	5.31542e-05	0.487018	
0.307054	8.75374e-05	0.48712	0.306988	5.31542e-05	0.487018	
0.307045	8.49369e-05	0.487114	0.306988	5.31542e-05	0.487018	
0.307037	8.1467e-05	0.487114	0.306988	5.31542e-05	0.487018	
0.307028	8.10175e-05	0.487115	0.306988	5.31542e-05	0.487018	
0.307021	7.78169e-05	0.487113	0.306988	5.31542e-05	0.487018	
0.307015	8.07266e-05	0.487114	0.306988	5.31542e-05	0.487018	
0.307009	7.67788e-05	0.487112	0.306988	5.31542e-05	0.487018	
0.307003	7.64139e-05	0.48711	0.306988	5.31542e-05	0.487018	
0.306994	7.38773e-05	0.487105	0.306988	5.31542e-05	0.487018	
0.306986	7.04743e-05	0.487104	0.306988	5.31542e-05	0.487018	
0.306978	7.00976e-05	0.487106	0.306988	5.31542e-05	0.487018	
0.306971	6.69743e-05	0.487103	0.306988	5.31542e-05	0.487018	
0.306965	6.9962e-05	0.487105	0.306988	5.31542e-05	0.487018	
0.30696	6.60882e-05	0.487102	0.306988	5.31542e-05	0.487018	
0.306954	6.57954e-05	0.4871	0.306988	5.31542e-05	0.487018	
0.306945	6.33314e-05	0.487095	0.306988	5.31542e-05	0.487018	
0.306938	6.00004e-05	0.487095	0.306988	5.31542e-05	0.487018	
0.30693	5.97012e-05	0.487096	0.306988	5.31542e-05	0.487018	
0.306923	5.66588e-05	0.487094	0.306988	5.31542e-05	0.487018	
0.306918	5.97287e-05	0.487095	0.306988	5.31542e-05	0.487018	
0.306914	5.59336e-05	0.487092	0.306988	5.31542e-05	0.487018	
0.306908	5.5719e-05	0.487091	0.306988	5.31542e-05	0.487018	
0.306899	5.33337e-05	0.487085	0.306988	5.31542e-05	0.487018	
0.306892	5.0082e-05	0.487085	0.306988	5.31542e-05	0.487018	
0.306885	4.98667e-05	0.487086	0.306988	5.31542e-05	0.487018	
0.306879	4.69114e-05	0.487084	0.306988	5.31542e-05	0.487018	
0.306874	5.00697e-05	0.487085	0.306988	5.31542e-05	0.487018	
0.306869	4.63589e-05	0.487082	0.306988	5.31542e-05	0.487018	
0.306864	4.62281e-05	0.487081	0.306988	5.31542e-05	0.487018	
0.306856	4.39268e-05	0.487076	0.306988	5.31542e-05	0.487018	
0.306849	4.07591e-05	0.487075	0.306988	5.31542e-05	0.487018	
0.306842	4.06319e-05	0.487077	0.306988	5.31542e-05	0.487018	
0.306836	3.77679e-05	0.487074	0.306988	5.31542e-05	0.487018	
0.306832	4.1019e-05	0.487076	0.306988	5.31542e-05	0.487018	
0.306828	3.7397e-05	0.487073	0.306988	5.31542e-05	0.487018	
0.306823	3.73549e-05	0.487071	0.306988	5.31542e-05	0.487018	
0.306815	3.51418e-05	0.487066	0.306988	5.31542e-05	0.487018	
0.306809	3.20623e-05	0.487065	0.306988	5.31542e-05	0.487018	
0.306802	3.2027e-05	0.487067	0.306988	5.31542e-05	0.487018	
0.306797	2.92575e-05	0.487065	0.306988	5.31542e-05	0.487018	
0.306793	3.26049e-05	0.487066	0.306988	5.31542e-05	0.487018	
0.306789	2.90749e-05	0.487063	0.306988	5.31542e-05	0.487018	
0.306785	2.91251e-05	0.487062	0.306988	5.31542e-05	0.487018	
0.306777	2.70033e-05	0.487056	0.306988	5.31542e-05	0.487018	
0.306771	2.40152e-05	0.487056	0.306988	5.31542e-05	0.487018	
0.306765	2.40743e-05	0.487057	0.306988	5.31542e-05	0.487018	
0.30676	2.14016e-05	0.487055	0.306988	5.31542e-05	0.487018	
0.306756	2.48477e-05	0.487057	0.306988	5.31542e-05	0.487018	
0.306753	2.1412e-05	0.487054	0.306988	5.31542e-05	0.487018	
0.306749	2.15571e-05	0.487052	0.306988	5.31542e-05	0.487018	
0.306742	1.95289e-05	0.487047	0.306988	5.31542e-05	0.487018	
0.306736	1.66342e-05	0.487046	0.306988	5.31542e-05	0.487018	
0.306731	1.67896e-05	0.487048	0.306988	5.31542e-05	0.487018	
0.306726	1.42151e-05	0.487046	0.306988	5.31542e-05	0.487018	
0.306723	1.77612e-05	0.487047	0.306988	5.31542e-05	0.487018	
0.30672	1.44213e-05	0.487044	0.306988	5.31542e-05	0.487018	
0.306716	1.4663e-05	0.487043	0.306988	5.31542e-05	0.487018	
0.306709	1.27294e-05	0.487038	0.306988	5.31542e-05	0.487018	
0.306704	9.92937e-06	0.487037	0.306988	5.31542e-05	0.487018	
0.306699	1.01819e-05	0.487039	0.306988	5.31542e-05	0.487018	
0.306694	7.70587e-06	0.487037	0.306988	5.31542e-05	0.487018	
0.306692	1.13527e-05	0.487038	0.306988	5.31542e-05	0.487018	
0.306689	8.10895e-06	0.487035	0.306988	5.31542e-05	0.487018	
0.306686	8.44795e-06	0.487034	0.306988	5.31542e-05	0.487018	
0.30668	6.60956e-06	0.487029	0.306988	5.31542e-05	0.487018	
0.306675	3.90445e-06	0.487028	0.306988	5.31542e-05	0.487018	
0.30667	4.25413e-06	0.48703	0.306988	5.31542e-05	0.487018	
0.306666	1.87618e-06	0.487028	0.306988	5.31542e-05	0.487018	
0.306663	5.62343e-06	0.487029	0.306988	5.31542e-05	0.487018	
0.306661	2.47547e-06	0.487026	0.306988	5.31542e-05	0.487018	
0.306658	2.91177e-06	0.487025	0.306988	5.31542e-05	0.487018	
0.306652	1.16813e-06	0.48702	0.306988	5.31542e-05	0.487018	
0.306648	-1.44251e-06	0.48702	0.306988	5.31542e-05	0.487018	
0.306644	-9.96459e-07	0.487021	0.306988	5.31542e-05	0.487018	
0.30664	-3.27748e-06	0.487019	0.306988	5.31542e-05	0.487018	
0.306638	5.69071e-07	0.487021	0.306988	5.31542e-05	0.487018	
0.306636	-2.48422e-06	0.487018	0.306988	5.31542e-05	0.487018	
0.306634	-1.95149e-06	0.487017	0.306988	5.31542e-05	0.487018	
0.306628	-3.60156e-06	0.487012	0.306988	5.31542e-05	0.487018	
0.306624	-6.11891e-06	0.487011	0.306988	5.31542e-05	0.487018	
0.30662	-5.57798e-06	0.487013	0.306988	5.31542e-05	0.487018	
0.306617	-7.76395e-06	0.487011	0.306988	5.31542e-05	0.487018	
0.306615	-3.81983e-06	0.487013	0.306988	5.31542e-05	0.487018	
0.306614	-6.78025e-06	0.48701	0.306988	5.31542e-05	0.487018	
0.306612	-6.15262e-06	0.487009	0.306988	5.31542e-05	0.487018	
0.306607	-7.71096e-06	0.487004	0.306988	5.31542e-05	0.487018	
0.306603	-1.01369e-05	0.487003	0.306988	5.31542e-05	0.487018	
0.306599	-9.50314e-06	0.487005	0.306988	5.31542e-05	0.487018	
0.306596	-1.15965e-05	0.487003	0.306988	5.31542e-05	0.487018	
0.306595	-7.55723e-06	0.487005	0.306988	5.31542e-05	0.487018	
0.306594	-1.04272e-05	0.487002	0.306988	5.31542e-05	0.487018	
0.306592	-9.70681e-06	0.487001	0.306988	5.31542e-05	0.487018	
0.306588	-1.11758e-05	0.486996	0.306988	5.31542e-05	0.487018	
0.306585	-1.35127e-05	0.486996	0.306988	5.31542e-05	0.487018	
0.306581	-1.27889e-05	0.486998	0.306988	5.31542e-05	0.487018	
0.306579	-1.47927e-05	0.486996	0.306988	5.31542e-05	0.487018	
0.306578	-1.06612e-05	0.486997	0.306988	5.31542e-05	0.487018	
0.306577	-1.34436e-05	0.486995	0.306988	5.31542e-05	0.487018	
0.306576	-1.26332e-05	0.486994	0.306988	5.31542e-05	0.487018	
0.306572	-1.40158e-05	0.486989	0.306988	5.31542e-05	0.487018	
0.306569	-1.62667e-05	0.486989	0.306988	5.31542e-05	0.487018	
0.306566	-1.54559e-05	0.486991	0.306988	5.31542e-05	0.487018	
0.306564	-1.73736e-05	0.486989	0.306988	5.31542e-05	0.487018	
0.306563	-1.31533e-05	0.48699	0.306988	5.31542e-05	0.487018	
0.306563	-1.58517e-05	0.486988	0.306988	5.31542e-05	0.487018	
0.306562	-1.49543e-05	0.486987	0.306988	5.31542e-05	0.487018	
0.306558	-1.6254e-05	0.486982	0.306988	5.31542e-05	0.487018	
0.306556	-1.84222e-05	0.486982	0.306988	5.31542e-05	0.487018	
0.306553	-1.7528e-05	0.486984	0.306988	5.31542e-05	0.487018	
0.306551	-1.93636e-05	0.486982	0.306988	5.31542e-05	0.487018	
0.306551	-1.50582e-05	0.486984	0.306988	5.31542e-05	0.487018	
0.306551	-1.76764e-05	0.486981	0.306988	5.31542e-05	0.487018	
0.306551	-1.66957e-05	0.48698	0.306988	5.31542e-05	0.487018	
0.306547	-1.79162e-05	0.486976	0.306988	5.31542e-05	0.487018	
0.306545	-2.00055e-05	0.486976	0.306988	5.31542e-05	0.487018	
0.306543	-1.90319e-05	0.486978	0.306988	5.31542e-05	0.487018	
0.306541	-2.07896e-05	0.486976	0.306988	5.31542e-05	0.487018	
0.306541	-1.64034e-05	0.486978	0.306988	5.31542e-05	0.487018	
0.306542	-1.89455e-05	0.486975	0.306988	5.31542e-05	0.487018	
0.306542	-1.78854e-05	0.486975	0.306988	5.31542e-05	0.487018	
0.306538	-1.90309e-05	0.48697	0.306988	5.31542e-05	0.487018	
0.306537	-2.10454e-05	0.48697	0.306988	5.31542e-05	0.487018	
0.306535	-1.99966e-05	0.486972	0.306988	5.31542e-05	0.487018	
0.306534	-2.16809e-05	0.48697	0.306988	5.31542e-05	0.487018	
0.306534	-1.72183e-05	0.486972	0.306988	5.31542e-05	0.487018	
0.306535	-1.96888e-05	0.48697	0.306988	5.31542e-05	0.487018	
0.306535	-1.85534e-05	0.486969	0.306988	5.31542e-05	0.487018	
0.306532	-1.96282e-05	0.486965	0.306988	5.31542e-05	0.487018	
0.306531	-2.15723e-05	0.486965	0.306988	5.31542e-05	0.487018	
0.306529	-2.04528e-05	0.486967	0.306988	5.31542e-05	0.487018	
0.306529	-2.20685e-05	0.486965	0.306988	5.31542e-05	0.487018	
0.306529	-1.75341e-05	0.486967	0.306988	5.31542e-05	0.487018	
0.306531	-1.99377e-05	0.486965	0.306988	5.31542e-05	0.487018	
0.306531	-1.87314e-05	0.486964	0.306988	5.31542e-05	0.487018	
0.306529	-1.97401e-05	0.48696	0.306988	5.31542e-05	0.487018	
0.306528	-2.16182e-05	0.48696	0.306988	5.31542e-05	0.487018	
0.306526	-2.04328e-05	0.486962	0.306988	5.31542e-05	0.487018	
0.306526	-2.19847e-05	0.486961	0.306988	5.31542e-05	0.487018	
0.306527	-1.73834e-05	0.486963	0.306988	5.31542e-05	0.487018	
0.306528	-1.97249e-05	0.486961	0.306988	5.31542e-05	0.487018	
0.306529	-1.84523e-05	0.48696	0.306988	5.31542e-05	0.487018	
0.306527	-1.93995e-05	0.486955	0.306988	5.31542e-05	0.487018	
0.306526	-2.12164e-05	0.486956	0.306988	5.31542e-05	0.487018	
0.306525	-1.99697e-05	0.486958	0.306988	5.31542e-05	0.487018	
0.306525	-2.14629e-05	0.486956	0.306988	5.31542e-05	0.487018	
0.306527	-1.67996e-05	0.486959	0.306988	5.31542e-05	0.487018	
0.306528	-1.90838e-05	0.486957	0.306988	5.31542e-05	0.487018	
0.306529	-1.77496e-05	0.486956	0.306988	5.31542e-05	0.487018	
0.306528	-1.86402e-05	0.486952	0.306988	5.31542e-05	0.487018	
0.306527	-2.04006e-05	0.486952	0.306988	5.31542e-05	0.487018	
0.306526	-1.90975e-05	0.486954	0.306988	5.31542e-05	0.487018	
0.306526	-2.05371e-05	0.486953	0.306988	5.31542e-05	0.487018	
0.306528	-1.58167e-05	0.486955	0.306988	5.31542e-05	0.487018	
0.30653	-1.80486e-05	0.486953	0.306988	5.31542e-05	0.487018	
0.306532	-1.66574e-05	0.486953	0.306988	5.31542e-05	0.487018	
0.30653	-1.74962e-05	0.486948	0.306988	5.31542e-05	0.487018	
0.30653	-1.9205e-05	0.486949	0.306988	5.31542e-05	0.487018	
0.30653	-1.78504e-05	0.486951	0.306988	5.31542e-05	0.487018	
0.30653	-1.92413e-05	0.48695	0.306988	5.31542e-05	0.487018	
0.306532	-1.44688e-05	0.486952	0.306988	5.31542e-05	0.487018	
0.306534	-1.66534e-05	0.48695	0.306988	5.31542e-05	0.487018	
0.306536	-1.521e-05	0.48695	0.306988	5.31542e-05	0.487018	
0.306535	-1.60019e-05	0.486945	0.306988	5.31542e-05	0.487018	
0.306535	-1.76637e-05	0.486946	0.306988	5.31542e-05	0.487018	
0.306535	-1.62625e-05	0.486948	0.306988	5.31542e-05	0.487018	
0.306535	-1.76098e-05	0.486947	0.306988	5.31542e-05	0.487018	
0.306538	-1.27901e-05	0.48695	0.306988	5.31542e-05	0.487018	
0.30654	-1.49324e-05	0.486948	0.306988	5.31542e-05	0.487018	
0.306542	-1.34413e-05	0.486947	0.306988	5.31542e-05	0.487018	
0.306541	-1.4191e-05	0.486943	0.306988	5.31542e-05	0.487018	
0.306542	-1.58108e-05	0.486944	0.306988	5.31542e-05	0.487018	
0.306542	-1.43677e-05	0.486946	0.306988	5.31542e-05	0.487018	
0.306543	-1.56763e-05	0.486945	0.306988	5.31542e-05	0.487018	
0.306545	-1.08144e-05	0.486948	0.306988	5.31542e-05	0.487018	
0.306548	-1.2919e-05	0.486946	0.306988	5.31542e-05	0.487018	
0.30655	-1.1385e-05	0.486945	0.306988	5.31542e-05	0.487018	
0.306549	-1.20973e-05	0.486941	0.306988	5.31542e-05	0.487018	
0.30655	-1.36796e-05	0.486942	0.306988	5.31542e-05	0.487018	
0.30655	-1.21993e-05	0.486945	0.306988	5.31542e-05	0.487018	
0.306551	-1.34742e-05	0.486943	0.306988	5.31542e-05	0.487018	
0.306554	-8.57463e-06	0.486946	0.306988	5.31542e-05	0.487018	
0.306557	-1.06465e-05	0.486944	0.306988	5.31542e-05	0.487018	
0.30656	-9.07404e-06	0.486944	0.306988	5.31542e-05	0.487018	
0.306559	-9.75346e-06	0.48694	0.306988	5.31542e-05	0.487018	
0.30656	-1.13028e-05	0.486941	0.306988	5.31542e-05	0.487018	
0.30656	-9.78999e-06	0.486943	0.306988	5.31542e-05	0.487018	
0.306562	-1.10357e-05	0.486942	0.306988	5.31542e-05	0.487018	
0.306565	-6.10318e-06	0.486945	0.306988	5.31542e-05	0.487018	
0.306568	-8.14676e-06	0.486943	0.306988	5.31542e-05	0.487018	
0.306571	-6.54028e-06	0.486943	0.306988	5.31542e-05	0.487018	
0.30657	-7.19125e-06	0.486939	0.306988	5.31542e-05	0.487018	
0.306571	-8.71211e-06	0.48694	0.306988	5.31542e-05	0.487018	
0.306572	-7.17113e-06	0.486943	0.306988	5.31542e-05	0.487018	
0.306574	-8.39221e-06	0.486942	0.306988	5.31542e-05	0.487018	
0.306577	-3.43122e-06	0.486944	0.306988	5.31542e-05	0.487018	
0.306581	-5.45099e-06	0.486943	0.306988	5.31542e-05	0.487018	
0.306583	-3.8147e-06	0.486943	0.306988	5.31542e-05	0.487018	
0.306583	-4.44154e-06	0.486939	0.306988	5.31542e-05	0.487018	
0.306584	-5.93815e-06	0.486939	0.306988	5.31542e-05	0.487018	
0.306585	-4.37328e-06	0.486942	0.306988	5.31542e-05	0.487018	
0.306587	-5.5741e-06	0.486941	0.306988	5.31542e-05	0.487018	
0.30659	-5.88878e-07	0.486944	0.306988	5.31542e-05	0.487018	
0.306594	-2.58908e-06	0.486943	0.306988	5.31542e-05	0.487018	
0.306597	-9.27047e-07	0.486942	0.306988	5.31542e-05	0.487018	
0.306597	-1.53387e-06	0.486939	0.306988	5.31542e-05	0.487018	
0.306598	-3.0103e-06	0.48694	0.306988	5.31542e-05	0.487018	
0.306599	-1.42561e-06	0.486942	0.306988	5.31542e-05	0.487018	
0.306601	-2.61029e-06	0.486942	0.306988	5.31542e-05	0.487018	
0.306605	2.3951e-06	0.486944	0.306988	5.31542e-05	0.487018	
0.306609	4.10416e-07	0.486943	0.306988	5.31542e-05	0.487018	
0.306612	2.0943e-06	0.486943	0.306988	5.31542e-05	0.487018	
0.306612	1.50358e-06	0.486939	0.306988	5.31542e-05	0.487018	
0.306614	4.34642e-08	0.48694	0.306988	5.31542e-05	0.487018	
0.306615	1.64413e-06	0.486943	0.306988	5.31542e-05	0.487018	
0.306617	4.71662e-07	0.486942	0.306988	5.31542e-05	0.487018	
0.306621	5.49338e-06	0.486945	0.306988	5.31542e-05	0.487018	
0.306625	3.5204e-06	0.486943	0.306988	5.31542e-05	0.487018	
0.306628	5.22242e-06	0.486943	0.306988	5.31542e-05	0.487018	
0.306628	4.64412e-06	0.48694	0.306988	5.31542e-05	0.487018	
0.30663	3.19665e-06	0.486941	0.306988	5.31542e-05	0.487018	
0.306631	4.80971e-06	0.486944	0.306988	5.31542e-05	0.487018	
0.306634	3.64579e-06	0.486943	0.306988	5.31542e-05	0.487018	
0.306638	8.68023e-06	0.486946	0.306988	5.31542e-05	0.487018	
0.306642	6.71534e-06	0.486944	0.306988	5.31542e-05	0.487018	
0.306645	8.43201e-06	0.486944	0.306988	5.31542e-05	0.487018	
0.306645	7.86262e-06	0.486941	0.306988	5.31542e-05	0.487018	
0.306647	6.42433e-06	0.486942	0.306988	5.31542e-05	0.487018	
0.306649	8.04636e-06	0.486945	0.306988	5.31542e-05	0.487018	
0.306651	6.88753e-06	0.486944	0.306988	5.31542e-05	0.487018	
0.306655	1.19313e-05	0.486947	0.306988	5.31542e-05	0.487018	
0.306659	9.97112e-06	0.486946	0.306988	5.31542e-05	0.487018	
0.306663	1.16992e-05	0.486946	0.306988	5.31542e-05	0.487018	
0.306663	1.11354e-05	0.486942	0.306988	5.31542e-05	0.487018	
0.306665	9.70311e-06	0.486943	0.306988	5.31542e-05	0.487018	
0.306667	1.13309e-05	0.486946	0.306988	5.31542e-05	0.487018	
0.306669	1.0174e-05	0.486946	0.306988	5.31542e-05	0.487018	
0.306674	1.52239e-05	0.486949	0.306988	5.31542e-05	0.487018	
0.306678	1.32653e-05	0.486947	0.306988	5.31542e-05	0.487018	
0.306681	1.50017e-05	0.486948	0.306988	5.31542e-05	0.487018	
0.306682	1.44406e-05	0.486944	0.306988	5.31542e-05	0.487018	
0.306684	1.30112e-05	0.486945	0.306988	5.31542e-05	0.487018	
0.306686	1.46419e-05	0.486948	0.306988	5.31542e-05	0.487018	
0.306688	1.34839e-05	0.486947	0.306988	5.31542e-05	0.487018	
0.306693	1.85371e-05	0.486951	0.306988	5.31542e-05	0.487018	
0.306697	1.65772e-05	0.486949	0.306988	5.31542e-05	0.487018	
0.306701	1.8319e-05	0.486949	0.306988	5.31542e-05	0.487018	
0.306701	1.77577e-05	0.486946	0.306988	5.31542e-05	0.487018	
0.306703	1.63286e-05	0.486947	0.306988	5.31542e-05	0.487018	
0.306705	1.79594e-05	0.48695	0.306988	5.31542e-05	0.487018	
0.306708	1.67976e-05	0.48695	0.306988	5.31542e-05	0.487018	
0.306712	2.18514e-05	0.486953	0.306988	5.31542e-05	0.487018	
0.306717	1.98875e-05	0.486951	0.306988	5.31542e-05	0.487018	
0.30672	2.16321e-05	0.486952	0.306988	5.31542e-05	0.487018	
0.306721	2.10681e-05	0.486948	0.306988	5.31542e-05	0.487018	
0.306723	1.96367e-05	0.486949	0.306988	5.31542e-05	0.487018	
0.306725	2.12651e-05	0.486953	0.306988	5.31542e-05	0.487018	
0.306728	2.00971e-05	0.486952	0.306988	5.31542e-05	0.487018	
0.306732	2.5149e-05	0.486955	0.306988	5.31542e-05	0.487018	
0.306737	2.31787e-05	0.486954	0.306988	5.31542e-05	0.487018	
0.30674	2.49238e-05	0.486954	0.306988	5.31542e-05	0.487018	
0.306741	2.43547e-05	0.48695	0.306988	5.31542e-05	0.487018	
0.306743	2.29187e-05	0.486952	0.306988	5.31542e-05	0.487018	
0.306745	2.45425e-05	0.486955	0.306988	5.31542e-05	0.487018	
0.306748	2.33659e-05	0.486954	0.306988	5.31542e-05	0.487018	
0.306752	2.84138e-05	0.486958	0.306988	5.31542e-05	0.487018	
0.306757	2.64349e-05	0.486956	0.306988	5.31542e-05	0.487018	
0.306761	2.81783e-05	0.486957	0.306988	5.31542e-05	0.487018	
0.306761	2.76019e-05	0.486953	0.306988	5.31542e-05	0.487018	
0.306764	2.61592e-05	0.486954	0.306988	5.31542e-05	0.487018	
0.306766	2.77763e-05	0.486958	0.306988	5.31542e-05	0.487018	
0.306768	2.65893e-05	0.486957	0.306988	5.31542e-05	0.487018	
0.306773	3.16311e-05	0.48696	0.306988	5.31542e-05	0.487018	
0.306777	2.96417e-05	0.486959	0.306988	5.31542e-05	0.487018	
0.306781	3.13813e-05	0.486959	0.306988	5.31542e-05	0.487018	
0.306782	3.07958e-05	0.486956	0.306988	5.31542e-05	0.487018	
0.306784	2.93444e-05	0.486957	0.306988	5.31542e-05	0.487018	
0.306786	3.09532e-05	0.486961	0.306988	5.31542e-05	0.487018	
0.306789	2.97538e-05	0.48696	0.306988	5.31542e-05	0.487018	
0.306793	3.47879e-05	0.486963	0.306988	5.31542e-05	0.487018	
0.306798	3.27861e-05	0.486962	0.306988	5.31542e-05	0.487018	
0.306802	3.45202e-05	0.486962	0.306988	5.31542e-05	0.487018	
0.306803	3.39238e-05	0.486959	0.306988	5.31542e-05	0.487018	
0.306805	3.24621e-05	0.48696	0.306988	5.31542e-05	0.487018	
0.306807	3.40608e-05	0.486964	0.306988	5.31542e-05	0.487018	
0.30681	3.28476e-05	0.486963	0.306988	5.31542e-05	0.487018	
0.306814	3.78723e-05	0.486966	0.306988	5.31542e-05	0.487018	
0.306819	3.58566e-05	0.486965	0.306988	5.31542e-05	0.487018	
0.306823	3.75836e-05	0.486965	0.306988	5.31542e-05	0.487018	
0.306823	3.69749e-05	0.486962	0.306988	5.31542e-05	0.487018	
0.306826	3.55014e-05	0.486963	0.306988	5.31542e-05	0.487018	
0.306828	3.70886e-05	0.486967	0.306988	5.31542e-05	0.487018	
0.30683	3.58601e-05	0.486966	0.306988	5.31542e-05	0.487018	
0.306835	4.08741e-05	0.486969	0.306988	5.31542e-05	0.487018	
0.306839	3.88432e-05	0.486968	0.306988	5.31542e-05	0.487018	
0.306843	4.05617e-05	0.486969	0.306988	5.31542e-05	0.487018	
0.306844	3.99392e-05	0.486965	0.306988	5.31542e-05	0.487018	
0.306846	3.84527e-05	0.486966	0.306988	5.31542e-05	0.487018	
0.306848	4.00272e-05	0.48697	0.306988	5.31542e-05	0.487018	
0.306851	3.87822e-05	0.486969	0.306988	5.31542e-05	0.487018	
0.306855	4.37843e-05	0.486973	0.306988	5.31542e-05	0.487018	
0.30686	4.17369e-05	0.486971	0.306988	5.31542e-05	0.487018	
0.306864	4.34458e-05	0.486972	0.306988	5.31542e-05	0.487018	
0.306864	4.28084e-05	0.486968	0.306988	5.31542e-05	0.487018	
0.306867	4.13076e-05	0.48697	0.306988	5.31542e-05	0.487018	
0.306868	4.28684e-05	0.486973	0.306988	5.31542e-05	0.487018	
0.306871	4.1606e-05	0.486973	0.306988	5.31542e-05	0.487018	
0.306875	4.65951e-05	0.486976	0.306988	5.31542e-05	0.487018	
0.30688	4.45304e-05	0.486975	0.306988	5.31542e-05	0.487018	
0.306884	4.62285e-05	0.486975	0.306988	5.31542e-05	0.487018	
0.306884	4.55752e-05	0.486972	0.306988	5.31542e-05	0.487018	
0.306887	4.40592e-05	0.486973	0.306988	5.31542e-05	0.487018	
0.306888	4.56053e-05	0.486977	0.306988	5.31542e-05	0.487018	
0.306891	4.43247e-05	0.486976	0.306988	5.31542e-05	0.487018	
0.306895	4.93001e-05	0.486979	0.306988	5.31542e-05	0.487018	
0.3069	4.72171e-05	0.486978	0.306988	5.31542e-05	0.487018	
0.306904	4.89035e-05	0.486979	0.306988	5.31542e-05	0.487018	
0.306904	4.82335e-05	0.486975	0.306988	5.31542e-05	0.487018	
0.306906	4.67016e-05	0.486977	0.306988	5.31542e-05	0.487018	
0.306908	4.82322e-05	0.48698	0.306988	5.31542e-05	0.487018	
0.306911	4.69327e-05	0.486979	0.306988	5.31542e-05	0.487018	
0.306915	5.18936e-05	0.486983	0.306988	5.31542e-05	0.487018	
0.306919	4.97917e-05	0.486982	0.306988	5.31542e-05	0.487018	
0.306923	5.14657e-05	0.486982	0.306988	5.31542e-05	0.487018	
0.306923	5.07784e-05	0.486979	0.306988	5.31542e-05	0.487018	
0.306926	4.92297e-05	0.48698	0.306988	5.31542e-05	0.487018	
0.306927	5.07444e-05	0.486983	0.306988	5.31542e-05	0.487018	
0.30693	4.94254e-05	0.486983	0.306988	5.31542e-05	0.487018	
0.306934	5.43713e-05	0.486986	0.306988	5.31542e-05	0.487018	
0.306938	5.225e-05	0.486985	0.306988	5.31542e-05	0.487018	
0.306942	5.39109e-05	0.486985	0.306988	5.31542e-05	0.487018	
0.306942	5.32056e-05	0.486982	0.306988	5.31542e-05	0.487018	
0.306944	5.16398e-05	0.486983	0.306988	5.31542e-05	0.487018	
0.306946	5.3138e-05	0.486987	0.306988	5.31542e-05	0.487018	
0.306948	5.17991e-05	0.486986	0.306988	5.31542e-05	0.487018	
0.306953	5.67297e-05	0.48699	0.306988	5.31542e-05	0.487018	
0.306957	5.45885e-05	0.486988	0.306988	5.31542e-05	0.487018	
0.30696	5.62359e-05	0.486989	0.306988	5.31542e-05	0.487018	
0.306961	5.55122e-05	0.486985	0.306988	5.31542e-05	0.487018	
0.306963	5.39288e-05	0.486987	0.306988	5.31542e-05	0.487018	
0.306964	5.54102e-05	0.48699	0.306988	5.31542e-05	0.487018	
0.306966	5.40512e-05	0.48699	0.306988	5.31542e-05	0.487018	
0.306971	5.89661e-05	0.486993	0.306988	5.31542e-05	0.487018	
0.306975	5.68047e-05	0.486992	0.306988	5.31542e-05	0.487018	
0.306978	5.84383e-05	0.486992	0.306988	5.31542e-05	0.487018	
0.306978	5.76959e-05	0.486989	0.306988	5.31542e-05	0.487018	
0.30698	5.60945e-05	0.48699	0.306988	5.31542e-05	0.487018	
0.306982	5.75589e-05	0.486994	0.306988	5.31542e-05	0.487018	
0.306984	5.61796e-05	0.486993	0.306988	5.31542e-05	0.487018	
0.306988	6.10787e-05	0.486996	0.306988	5.31542e-05	0.487018	
0.306992	5.88969e-05	0.486995	0.306988	5.31542e-05	0.487018	
0.306995	6.05164e-05	0.486996	0.306988	5.31542e-05	0.487018	
0.306996	5.9755e-05	0.486992	0.306988	5.31542e-05	0.487018	
0.306997	5.81355e-05	0.486993	0.306988	5.31542e-05	0.487018	
0.306999	5.95827e-05	0.486997	0.306988	5.31542e-05	0.487018	
0.307001	5.81831e-05	0.486996	0.306988	5.31542e-05	0.487018	
0.307005	6.30663e-05	0.487	0.306988	5.31542e-05	0.487018	
0.307009	6.08641e-05	0.486999	0.306988	5.31542e-05	0.487018	
0.307012	6.24692e-05	0.486999	0.306988	5.31542e-05	0.487018	
0.307012	6.16888e-05	0.486995	0.306988	5.31542e-05	0.487018	
0.307014	6.00511e-05	0.486997	0.306988	5.31542e-05	0.487018	
0.307015	6.14811e-05	0.487	0.306988	5.31542e-05	0.487018	
0.307017	6.00612e-05	0.487	0.306988	5.31542e-05	0.487018	
0.307021	6.49285e-05	0.487003	0.306988	5.31542e-05	0.487018	
0.307024	6.27059e-05	0.487002	0.306988	5.31542e-05	0.487018	
0.307028	6.42966e-05	0.487002	0.306988	5.31542e-05	0.487018	
0.307028	6.3497e-05	0.486999	0.306988	5.31542e-05	0.487018	
0.307029	6.1841e-05	0.487	0.306988	5.31542e-05	0.487018	
0.30703	6.32539e-05	0.487003	0.306988	5.31542e-05	0.487018	
0.307032	6.18139e-05	0.487003	0.306988	5.31542e-05	0.487018	
0.307036	6.66653e-05	0.487006	0.306988	5.31542e-05	0.487018	
