0.296 0.332 0.477
0.296 0.332 0.477
0.296 0.332 0.477
0.296 0.332 0.477
0.296 0.332 0.477
0.296 0.332 0.477
0.296 0.332 0.477
0.296 0.332 0.477
0.296 0.332 0.477
0.296 0.332 0.477
0.296 0.332 0.477
0.296 0.332 0.477
0.296 0.332 0.477
0.296 0.332 0.477
0.296 0.332 0.477
0.296 0.332 0.477
0.296 0.332 0.477
0.296 0.332 0.477
0.296 0.332 0.477
0.296 0.332 0.477
0.296 0.332 0.477
0.296 0.332 0.477
0.296 0.332 0.477
0.296 0.332 0.477
0.296 0.332 0.477
0.296 0.332 0.477
0.296 0.332 0.477
0.296 0.332 0.477
0.296 0.332 0.477
0.296 0.332 0.477
0.296 0.332 0.477
0.296 0.332 0.477
0.296 0.332 0.477
0.296 0.332 0.477
0.296 0.332 0.477
0.296 0.332 0.477
0.296 0.332 0.477
0.296 0.332 0.477
0.296 0.332 0.477
0.296 0.332 0.477
0.296 0.332 0.477
0.296 0.332 0.477
0.296 0.332 0.477
0.296 0.332 0.477
0.296 0.332 0.477
0.296 0.332 0.477
0.296 0.332 0.476
0.296 0.332 0.476
0.296 0.332 0.476
0.296 0.332 0.476
0.296 0.332 0.476
0.296 0.332 0.476
0.296 0.332 0.476
0.296 0.332 0.476
0.296 0.332 0.476
0.296 0.332 0.476
0.296 0.332 0.476
0.296 0.332 0.476
0.296 0.332 0.476
0.296 0.332 0.476
0.296 0.332 0.476
0.296 0.332 0.476
0.296 0.332 0.476
0.296 0.332 0.476
0.296 0.332 0.476
0.296 0.332 0.476
0.296 0.332 0.476
0.296 0.332 0.476
0.296 0.332 0.476
0.296 0.332 0.476
0.296 0.332 0.476
0.296 0.332 0.476
0.296 0.332 0.476
0.296 0.332 0.476
0.296 0.332 0.476
0.296 0.332 0.476
0.296 0.332 0.476
0.296 0.332 0.476
0.296 0.332 0.476
0.296 0.332 0.476
0.296 0.332 0.476
0.296 0.332 0.476
0.296 0.332 0.476
0.296 0.332 0.476
0.296 0.332 0.476
0.296 0.332 0.476
0.296 0.332 0.476
0.296 0.332 0.476
0.296 0.332 0.476
0.296 0.332 0.476
0.296 0.332 0.476
0.296 0.332 0.476
0.296 0.332 0.476
0.296 0.332 0.476
0.296 0.332 0.476
0.296 0.332 0.476
0.296 0.332 0.476
0.296 0.332 0.476
0.296 0.332 0.476
0.296 0.332 0.476
0.296 0.332 0.476
0.296 0.332 0.476
0.296 0.332 0.476
0.296 0.332 0.476
0.296 0.332 0.476
0.296 0.332 0.476
0.296 0.332 0.476
0.296 0.332 0.476
0.296 0.332 0.475
0.296 0.332 0.475
0.296 0.332 0.475
0.296 0.332 0.475
0.296 0.332 0.475
0.296 0.332 0.475
0.296 0.332 0.475
0.296 0.332 0.475
0.296 0.332 0.475
0.296 0.332 0.475
0.296 0.332 0.475
0.296 0.332 0.475
0.296 0.332 0.475
0.296 0.332 0.475
0.296 0.332 0.475
0.296 0.332 0.475
0.296 0.332 0.475
0.296 0.332 0.475
0.296 0.332 0.475
0.296 0.332 0.475
0.296 0.332 0.475
0.296 0.332 0.475
0.296 0.332 0.475
0.296 0.332 0.475
0.296 0.332 0.475
0.296 0.332 0.475
0.296 0.332 0.475
0.296 0.332 0.475
0.296 0.332 0.475
0.296 0.332 0.475
0.296 0.332 0.475
0.296 0.332 0.475
0.296 0.332 0.475
0.296 0.332 0.475
0.296 0.332 0.475
0.296 0.332 0.475
0.296 0.331 0.475
0.296 0.331 0.475
0.296 0.331 0.475
0.296 0.331 0.475
0.296 0.331 0.475
0.296 0.331 0.475
0.296 0.331 0.475
0.296 0.331 0.475
0.296 0.331 0.475
0.296 0.331 0.475
0.296 0.331 0.474
0.296 0.331 0.474
0.296 0.331 0.474
0.296 0.331 0.474
0.296 0.331 0.474
0.296 0.331 0.474
0.296 0.331 0.474
0.296 0.331 0.474
0.296 0.331 0.474
0.296 0.331 0.474
0.296 0.331 0.474
0.296 0.331 0.474
0.296 0.331 0.474
0.296 0.331 0.474
0.296 0.331 0.474
0.296 0.331 0.474
0.296 0.331 0.474
0.296 0.331 0.474
0.296 0.331 0.474
0.296 0.331 0.474
0.296 0.331 0.474
0.296 0.331 0.474
0.296 0.331 0.474
0.296 0.331 0.474
0.296 0.331 0.474
0.296 0.331 0.474
0.296 0.331 0.474
0.296 0.331 0.474
0.296 0.331 0.474
0.296 0.331 0.474
0.296 0.331 0.474
0.296 0.331 0.474
0.296 0.331 0.474
0.296 0.331 0.474
0.296 0.331 0.474
0.296 0.331 0.474
0.296 0.331 0.474
0.296 0.331 0.474
0.296 0.331 0.474
0.296 0.331 0.474
0.296 0.331 0.474
0.296 0.331 0.474
0.296 0.331 0.473
0.296 0.331 0.473
0.296 0.331 0.473
0.296 0.331 0.473
0.296 0.331 0.473
0.296 0.331 0.473
0.296 0.331 0.473
0.296 0.331 0.473
0.296 0.331 0.473
0.296 0.331 0.473
0.296 0.331 0.473
0.296 0.331 0.473
0.296 0.331 0.473
0.296 0.331 0.473
0.296 0.331 0.473
0.296 0.331 0.473
0.296 0.331 0.473
0.296 0.331 0.473
0.296 0.331 0.473
0.296 0.331 0.473
0.296 0.331 0.473
0.296 0.331 0.473
0.296 0.331 0.473
0.296 0.331 0.473
0.296 0.331 0.473
0.296 0.331 0.473
0.296 0.331 0.473
0.296 0.331 0.473
0.296 0.331 0.473
0.296 0.331 0.473
0.296 0.331 0.473
0.296 0.331 0.473
0.296 0.331 0.473
0.296 0.331 0.473
0.296 0.331 0.473
0.296 0.331 0.473
0.296 0.331 0.473
0.296 0.331 0.473
0.296 0.331 0.473
0.296 0.331 0.473
0.296 0.331 0.473
0.296 0.331 0.472
0.296 0.331 0.472
0.296 0.331 0.472
0.296 0.331 0.472
0.296 0.331 0.472
0.296 0.331 0.472
0.296 0.331 0.472
0.296 0.331 0.472
0.296 0.331 0.472
0.296 0.331 0.472
0.296 0.331 0.472
0.296 0.331 0.472
0.296 0.331 0.472
0.296 0.331 0.472
0.296 0.331 0.472
0.296 0.331 0.472
0.296 0.331 0.472
0.296 0.331 0.472
0.296 0.331 0.472
0.296 0.331 0.472
0.296 0.331 0.472
0.296 0.331 0.472
0.296 0.331 0.472
0.296 0.331 0.472
0.296 0.331 0.472
0.296 0.331 0.472
0.296 0.331 0.472
0.296 0.331 0.472
0.296 0.331 0.472
0.296 0.331 0.472
0.296 0.331 0.472
0.296 0.331 0.472
0.296 0.331 0.472
0.296 0.331 0.472
0.296 0.330 0.472
0.296 0.330 0.472
0.296 0.330 0.472
0.296 0.330 0.472
0.296 0.330 0.472
0.296 0.330 0.472
0.296 0.330 0.471
0.296 0.330 0.471
0.296 0.330 0.471
0.296 0.330 0.471
0.296 0.330 0.471
0.296 0.330 0.471
0.296 0.330 0.471
0.296 0.330 0.471
0.296 0.330 0.471
0.296 0.330 0.471
0.296 0.330 0.471
0.296 0.330 0.471
0.296 0.330 0.471
0.296 0.330 0.471
0.296 0.330 0.471
0.296 0.330 0.471
0.296 0.330 0.471
0.296 0.330 0.471
0.296 0.330 0.471
0.296 0.330 0.471
0.296 0.330 0.471
0.296 0.330 0.471
0.296 0.330 0.471
0.296 0.330 0.471
0.296 0.330 0.471
0.296 0.330 0.471
0.296 0.330 0.471
0.296 0.330 0.471
0.296 0.330 0.471
0.296 0.330 0.471
0.296 0.330 0.471
0.296 0.330 0.471
0.296 0.330 0.471
0.296 0.330 0.471
0.296 0.330 0.471
0.296 0.330 0.471
0.296 0.330 0.471
0.296 0.330 0.471
0.296 0.330 0.471
0.296 0.330 0.471
0.296 0.330 0.471
0.296 0.330 0.471
0.296 0.330 0.470
0.296 0.330 0.470
0.296 0.330 0.470
0.296 0.330 0.470
0.296 0.330 0.470
0.296 0.330 0.470
0.296 0.330 0.470
0.296 0.330 0.470
0.296 0.330 0.470
0.296 0.330 0.470
0.296 0.330 0.470
0.296 0.330 0.470
0.296 0.330 0.470
0.296 0.330 0.470
0.296 0.330 0.470
0.296 0.330 0.470
0.296 0.330 0.470
0.296 0.330 0.470
0.296 0.330 0.470
0.296 0.330 0.470
0.296 0.330 0.470
0.296 0.330 0.470
0.296 0.330 0.470
0.296 0.330 0.470
0.296 0.330 0.470
0.296 0.330 0.470
0.296 0.330 0.470
0.296 0.330 0.470
0.296 0.330 0.470
0.296 0.330 0.470
0.296 0.330 0.470
0.296 0.330 0.470
0.296 0.330 0.470
0.296 0.330 0.470
0.296 0.330 0.470
0.296 0.330 0.470
0.296 0.330 0.470
0.296 0.330 0.470
0.296 0.330 0.470
0.296 0.330 0.470
0.296 0.330 0.470
0.296 0.330 0.470
0.296 0.330 0.470
0.296 0.330 0.469
0.296 0.330 0.469
0.296 0.330 0.469
0.296 0.330 0.469
0.296 0.330 0.469
0.296 0.330 0.469
0.296 0.330 0.469
0.296 0.330 0.469
0.296 0.330 0.469
0.296 0.330 0.469
0.296 0.330 0.469
0.296 0.330 0.469
0.296 0.329 0.469
0.296 0.329 0.469
0.296 0.329 0.469
0.296 0.329 0.469
0.296 0.329 0.469
0.296 0.329 0.469
0.296 0.329 0.469
0.296 0.329 0.469
0.296 0.329 0.469
0.296 0.329 0.469
0.296 0.329 0.469
0.296 0.329 0.469
0.296 0.329 0.469
0.296 0.329 0.469
0.296 0.329 0.469
0.296 0.329 0.469
0.296 0.329 0.469
0.296 0.329 0.469
0.296 0.329 0.469
0.296 0.329 0.469
0.296 0.329 0.469
0.296 0.329 0.469
0.296 0.329 0.469
0.296 0.329 0.469
0.296 0.329 0.469
0.296 0.329 0.469
0.296 0.329 0.469
0.296 0.329 0.469
0.296 0.329 0.469
0.296 0.329 0.469
0.296 0.329 0.469
0.296 0.329 0.468
0.296 0.329 0.468
0.296 0.329 0.468
0.296 0.329 0.468
0.296 0.329 0.468
0.296 0.329 0.468
0.296 0.329 0.468
0.296 0.329 0.468
0.296 0.329 0.468
0.296 0.329 0.468
0.296 0.329 0.468
0.296 0.329 0.468
0.296 0.329 0.468
0.296 0.329 0.468
0.296 0.329 0.468
0.296 0.329 0.468
0.296 0.329 0.468
0.296 0.329 0.468
0.296 0.329 0.468
0.296 0.329 0.468
0.296 0.329 0.468
0.296 0.329 0.468
0.296 0.329 0.468
0.296 0.329 0.468
0.296 0.329 0.468
0.296 0.329 0.468
0.296 0.329 0.468
0.296 0.329 0.468
0.296 0.329 0.468
0.296 0.329 0.468
0.296 0.329 0.468
0.296 0.329 0.468
0.296 0.329 0.468
0.296 0.329 0.468
0.296 0.329 0.468
0.296 0.329 0.468
0.296 0.329 0.468
0.296 0.329 0.468
0.296 0.329 0.468
0.296 0.329 0.468
0.296 0.329 0.468
0.296 0.329 0.468
0.296 0.329 0.468
0.296 0.329 0.468
0.296 0.329 0.468
0.296 0.329 0.467
0.296 0.329 0.467
0.296 0.329 0.467
0.296 0.329 0.467
0.296 0.329 0.467
0.296 0.329 0.467
0.296 0.329 0.467
0.296 0.329 0.467
0.296 0.329 0.467
0.296 0.329 0.467
0.296 0.329 0.467
0.296 0.329 0.467
0.296 0.329 0.467
0.296 0.329 0.467
0.296 0.329 0.467
0.296 0.329 0.467
0.296 0.329 0.467
0.296 0.329 0.467
0.296 0.329 0.467
0.296 0.328 0.467
0.296 0.328 0.467
0.296 0.328 0.467
0.296 0.328 0.467
0.296 0.328 0.467
0.296 0.328 0.467
0.296 0.328 0.467
0.296 0.328 0.467
0.296 0.328 0.467
0.296 0.328 0.467
0.296 0.328 0.467
0.296 0.328 0.467
0.296 0.328 0.467
0.296 0.328 0.467
0.296 0.328 0.467
0.296 0.328 0.467
0.296 0.328 0.467
0.296 0.328 0.467
0.296 0.328 0.467
0.296 0.328 0.467
0.296 0.328 0.467
0.296 0.328 0.467
0.296 0.328 0.467
0.296 0.328 0.467
0.296 0.328 0.467
0.296 0.328 0.467
0.296 0.328 0.466
0.296 0.328 0.466
0.296 0.328 0.466
0.296 0.328 0.466
0.296 0.328 0.466
0.296 0.328 0.466
0.296 0.328 0.466
0.296 0.328 0.466
0.296 0.328 0.466
0.296 0.328 0.466
0.296 0.328 0.466
0.296 0.328 0.466
0.296 0.328 0.466
0.296 0.328 0.466
0.296 0.328 0.466
0.296 0.328 0.466
0.296 0.328 0.466
0.296 0.328 0.466
0.296 0.328 0.466
0.296 0.328 0.466
0.296 0.328 0.466
0.296 0.328 0.466
0.296 0.328 0.466
0.296 0.328 0.466
0.296 0.328 0.466
0.296 0.328 0.466
0.296 0.328 0.466
0.296 0.328 0.466
0.296 0.328 0.466
0.296 0.328 0.466
0.296 0.328 0.466
0.296 0.328 0.466
0.296 0.328 0.466
0.296 0.328 0.466
0.296 0.328 0.466
0.296 0.328 0.466
0.296 0.328 0.466
0.296 0.328 0.466
0.296 0.328 0.466
0.296 0.328 0.466
0.296 0.328 0.466
0.296 0.328 0.466
0.296 0.328 0.466
0.296 0.328 0.466
0.296 0.328 0.466
0.296 0.328 0.465
0.296 0.328 0.465
0.296 0.328 0.465
0.296 0.328 0.465
0.296 0.328 0.465
0.296 0.328 0.465
0.296 0.328 0.465
0.296 0.328 0.465
0.296 0.328 0.465
0.296 0.328 0.465
0.296 0.328 0.465
0.296 0.328 0.465
0.296 0.328 0.465
0.296 0.328 0.465
0.296 0.328 0.465
0.296 0.328 0.465
0.296 0.328 0.465
0.296 0.328 0.465
0.296 0.328 0.465
0.296 0.328 0.465
0.296 0.328 0.465
0.296 0.328 0.465
0.296 0.328 0.465
0.296 0.327 0.465
0.296 0.327 0.465
0.296 0.327 0.465
0.296 0.327 0.465
0.296 0.327 0.465
0.296 0.327 0.465
0.296 0.327 0.465
0.296 0.327 0.465
0.296 0.327 0.465
0.296 0.327 0.465
0.296 0.327 0.465
0.296 0.327 0.465
0.296 0.327 0.465
0.296 0.327 0.465
0.296 0.327 0.465
0.296 0.327 0.465
0.296 0.327 0.465
0.296 0.327 0.465
0.296 0.327 0.465
0.296 0.327 0.465
0.296 0.327 0.465
0.296 0.327 0.465
0.296 0.327 0.464
0.296 0.327 0.464
0.296 0.327 0.464
0.296 0.327 0.464
0.296 0.327 0.464
0.296 0.327 0.464
0.296 0.327 0.464
0.296 0.327 0.464
0.296 0.327 0.464
0.296 0.327 0.464
0.296 0.327 0.464
0.296 0.327 0.464
0.296 0.327 0.464
0.296 0.327 0.464
0.296 0.327 0.464
0.296 0.327 0.464
0.296 0.327 0.464
0.296 0.327 0.464
0.296 0.327 0.464
0.296 0.327 0.464
0.296 0.327 0.464
0.296 0.327 0.464
0.296 0.327 0.464
0.296 0.327 0.464
0.296 0.327 0.464
0.296 0.327 0.464
0.296 0.327 0.464
0.296 0.327 0.464
0.296 0.327 0.464
0.296 0.327 0.464
0.296 0.327 0.464
0.296 0.327 0.464
0.296 0.327 0.464
0.296 0.327 0.464
0.296 0.327 0.464
0.296 0.327 0.464
0.296 0.327 0.464
0.296 0.327 0.464
0.296 0.327 0.464
0.296 0.327 0.464
0.296 0.327 0.464
0.296 0.327 0.464
0.296 0.327 0.464
0.296 0.327 0.463
0.296 0.327 0.463
0.296 0.327 0.463
0.296 0.327 0.463
0.296 0.327 0.463
0.296 0.327 0.463
0.296 0.327 0.463
0.296 0.327 0.463
0.296 0.327 0.463
0.296 0.327 0.463
0.296 0.327 0.463
0.296 0.327 0.463
0.296 0.327 0.463
0.296 0.327 0.463
0.296 0.327 0.463
0.296 0.327 0.463
0.296 0.327 0.463
0.296 0.327 0.463
0.296 0.327 0.463
0.296 0.327 0.463
0.296 0.327 0.463
0.296 0.327 0.463
0.296 0.327 0.463
0.296 0.327 0.463
0.296 0.327 0.463
0.296 0.327 0.463
0.296 0.327 0.463
0.296 0.327 0.463
0.296 0.326 0.463
0.296 0.326 0.463
0.296 0.326 0.463
0.296 0.326 0.463
0.296 0.326 0.463
0.296 0.326 0.463
0.296 0.326 0.463
0.296 0.326 0.463
0.296 0.326 0.463
0.296 0.326 0.463
0.296 0.326 0.463
0.296 0.326 0.463
0.296 0.326 0.463
0.296 0.326 0.463
0.296 0.326 0.463
0.296 0.326 0.462
0.296 0.326 0.462
0.296 0.326 0.462
0.296 0.326 0.462
0.296 0.326 0.462
0.296 0.326 0.462
0.296 0.326 0.462
0.296 0.326 0.462
0.296 0.326 0.462
0.296 0.326 0.462
0.296 0.326 0.462
0.296 0.326 0.462
0.296 0.326 0.462
0.296 0.326 0.462
0.296 0.326 0.462
0.296 0.326 0.462
0.296 0.326 0.462
0.296 0.326 0.462
0.296 0.326 0.462
0.296 0.326 0.462
0.296 0.326 0.462
0.296 0.326 0.462
0.296 0.326 0.462
0.296 0.326 0.462
0.296 0.326 0.462
0.296 0.326 0.462
0.296 0.326 0.462
0.296 0.326 0.462
0.296 0.326 0.462
0.296 0.326 0.462
0.296 0.326 0.462
0.296 0.326 0.462
0.296 0.326 0.462
0.296 0.326 0.462
0.296 0.326 0.462
0.296 0.326 0.462
0.296 0.326 0.462
0.296 0.326 0.462
0.296 0.326 0.462
0.296 0.326 0.462
0.296 0.326 0.462
0.296 0.326 0.461
0.296 0.326 0.461
0.296 0.326 0.461
0.296 0.326 0.461
0.296 0.326 0.461
0.296 0.326 0.461
0.296 0.326 0.461
0.296 0.326 0.461
0.296 0.326 0.461
0.296 0.326 0.461
0.296 0.326 0.461
0.296 0.326 0.461
0.296 0.326 0.461
0.296 0.326 0.461
0.296 0.326 0.461
0.296 0.326 0.461
0.296 0.326 0.461
0.296 0.326 0.461
0.296 0.326 0.461
0.296 0.326 0.461
0.296 0.326 0.461
0.296 0.326 0.461
0.296 0.326 0.461
0.296 0.326 0.461
0.296 0.326 0.461
0.296 0.326 0.461
0.296 0.326 0.461
0.296 0.326 0.461
0.296 0.326 0.461
0.296 0.326 0.461
0.296 0.326 0.461
0.296 0.326 0.461
0.296 0.326 0.461
0.296 0.326 0.461
0.296 0.326 0.461
0.296 0.326 0.461
0.296 0.326 0.461
0.296 0.326 0.461
0.296 0.325 0.461
0.296 0.325 0.461
0.296 0.325 0.460
0.296 0.325 0.460
0.296 0.325 0.460
0.296 0.325 0.460
0.296 0.325 0.460
0.296 0.325 0.460
0.296 0.325 0.460
0.296 0.325 0.460
0.296 0.325 0.460
0.296 0.325 0.460
0.296 0.325 0.460
0.296 0.325 0.460
0.296 0.325 0.460
0.296 0.325 0.460
0.296 0.325 0.460
0.296 0.325 0.460
0.296 0.325 0.460
0.296 0.325 0.460
0.296 0.325 0.460
0.296 0.325 0.460
0.296 0.325 0.460
0.296 0.325 0.460
0.296 0.325 0.460
0.296 0.325 0.460
0.296 0.325 0.460
0.296 0.325 0.460
0.296 0.325 0.460
0.296 0.325 0.460
0.296 0.325 0.460
0.296 0.325 0.460
0.296 0.325 0.460
0.296 0.325 0.460
0.296 0.325 0.460
0.296 0.325 0.460
0.296 0.325 0.460
0.296 0.325 0.460
0.296 0.325 0.460
0.296 0.325 0.460
0.296 0.325 0.460
0.296 0.325 0.459
0.296 0.325 0.459
0.296 0.325 0.459
0.296 0.325 0.459
0.296 0.325 0.459
0.296 0.325 0.459
0.296 0.325 0.459
0.296 0.325 0.459
0.296 0.325 0.459
0.296 0.325 0.459
0.296 0.325 0.459
0.296 0.325 0.459
0.296 0.325 0.459
0.296 0.325 0.459
0.296 0.325 0.459
0.296 0.325 0.459
0.296 0.325 0.459
0.296 0.325 0.459
0.296 0.325 0.459
0.296 0.325 0.459
0.296 0.325 0.459
0.296 0.325 0.459
0.296 0.325 0.459
0.296 0.325 0.459
0.296 0.325 0.459
0.296 0.325 0.459
0.296 0.325 0.459
0.296 0.325 0.459
0.296 0.325 0.459
0.296 0.325 0.459
0.296 0.325 0.459
0.296 0.325 0.459
0.296 0.325 0.459
0.296 0.325 0.459
0.296 0.325 0.459
0.296 0.325 0.459
0.296 0.325 0.459
0.296 0.325 0.458
0.296 0.325 0.458
0.296 0.325 0.458
0.296 0.325 0.458
0.296 0.325 0.458
0.296 0.325 0.458
0.296 0.325 0.458
0.296 0.325 0.458
0.296 0.325 0.458
0.296 0.325 0.458
0.296 0.325 0.458
0.296 0.325 0.458
0.296 0.325 0.458
0.296 0.325 0.458
0.296 0.325 0.458
0.296 0.325 0.458
0.296 0.325 0.458
0.296 0.324 0.458
0.296 0.324 0.458
0.296 0.324 0.458
0.296 0.324 0.458
0.296 0.324 0.458
0.296 0.324 0.458
0.296 0.324 0.458
0.296 0.324 0.458
0.296 0.324 0.458
0.296 0.324 0.458
0.296 0.324 0.458
0.296 0.324 0.458
0.296 0.324 0.458
0.296 0.324 0.458
0.296 0.324 0.458
0.296 0.324 0.458
0.296 0.324 0.458
0.296 0.324 0.458
0.296 0.324 0.458
0.296 0.324 0.458
0.296 0.324 0.457
0.296 0.324 0.457
0.296 0.324 0.457
0.296 0.324 0.457
0.296 0.324 0.457
0.296 0.324 0.457
0.296 0.324 0.457
0.296 0.324 0.457
0.296 0.324 0.457
0.296 0.324 0.457
0.296 0.324 0.457
0.296 0.324 0.457
0.296 0.324 0.457
0.296 0.324 0.457
0.296 0.324 0.457
0.296 0.324 0.457
0.296 0.324 0.457
0.296 0.324 0.457
0.296 0.324 0.457
0.296 0.324 0.457
0.296 0.324 0.457
0.296 0.324 0.457
0.296 0.324 0.457
0.296 0.324 0.457
0.296 0.324 0.457
0.296 0.324 0.457
0.296 0.324 0.457
0.296 0.324 0.457
0.296 0.324 0.457
0.296 0.324 0.457
0.296 0.324 0.457
0.296 0.324 0.457
0.296 0.324 0.457
0.296 0.324 0.457
0.297 0.324 0.457
0.297 0.324 0.457
0.297 0.324 0.456
0.297 0.324 0.456
0.297 0.324 0.456
0.297 0.324 0.456
0.297 0.324 0.456
0.297 0.324 0.456
0.297 0.324 0.456
0.297 0.324 0.456
0.297 0.324 0.456
0.297 0.324 0.456
0.297 0.324 0.456
0.297 0.324 0.456
0.297 0.324 0.456
0.297 0.324 0.456
0.297 0.324 0.456
0.297 0.324 0.456
0.297 0.324 0.456
0.297 0.324 0.456
0.297 0.324 0.456
0.297 0.324 0.456
0.297 0.324 0.456
0.297 0.324 0.456
0.297 0.324 0.456
0.297 0.324 0.456
0.297 0.324 0.456
0.297 0.324 0.456
0.297 0.324 0.456
0.297 0.324 0.456
0.297 0.324 0.456
0.297 0.324 0.456
0.297 0.324 0.456
0.297 0.324 0.456
0.297 0.324 0.456
0.297 0.324 0.456
0.297 0.324 0.456
0.297 0.324 0.455
0.297 0.324 0.455
0.297 0.324 0.455
0.297 0.324 0.455
0.297 0.323 0.455
0.297 0.323 0.455
0.297 0.323 0.455
0.297 0.323 0.455
0.297 0.323 0.455
0.297 0.323 0.455
0.297 0.323 0.455
0.297 0.323 0.455
0.297 0.323 0.455
0.297 0.323 0.455
0.297 0.323 0.455
0.297 0.323 0.455
0.297 0.323 0.455
0.297 0.323 0.455
0.297 0.323 0.455
0.297 0.323 0.455
0.297 0.323 0.455
0.297 0.323 0.455
0.297 0.323 0.455
0.297 0.323 0.455
0.297 0.323 0.455
0.297 0.323 0.455
0.297 0.323 0.455
0.297 0.323 0.455
0.297 0.323 0.455
0.297 0.323 0.455
0.297 0.323 0.455
0.297 0.323 0.455
0.297 0.323 0.455
0.297 0.323 0.455
0.297 0.323 0.454
0.297 0.323 0.454
0.297 0.323 0.454
0.297 0.323 0.454
0.297 0.323 0.454
0.297 0.323 0.454
0.297 0.323 0.454
0.297 0.323 0.454
0.297 0.323 0.454
0.297 0.323 0.454
0.297 0.323 0.454
0.297 0.323 0.454
0.297 0.323 0.454
0.297 0.323 0.454
0.297 0.323 0.454
0.297 0.323 0.454
0.297 0.323 0.454
0.297 0.323 0.454
0.297 0.323 0.454
0.297 0.323 0.454
0.297 0.323 0.454
0.297 0.323 0.454
0.297 0.323 0.454
0.297 0.323 0.454
0.297 0.323 0.454
0.297 0.323 0.454
0.297 0.323 0.454
0.297 0.323 0.454
0.297 0.323 0.454
0.297 0.323 0.454
0.297 0.323 0.454
0.297 0.323 0.454
0.297 0.323 0.454
0.297 0.323 0.453
0.297 0.323 0.453
0.297 0.323 0.453
0.297 0.323 0.453
0.297 0.323 0.453
0.297 0.323 0.453
0.297 0.323 0.453
0.297 0.323 0.453
0.297 0.323 0.453
0.297 0.323 0.453
0.297 0.323 0.453
0.297 0.323 0.453
0.297 0.323 0.453
0.297 0.323 0.453
0.297 0.323 0.453
0.297 0.323 0.453
0.297 0.323 0.453
0.297 0.323 0.453
0.297 0.323 0.453
0.297 0.323 0.453
0.297 0.323 0.453
0.297 0.323 0.453
0.297 0.323 0.453
0.297 0.323 0.453
0.297 0.323 0.453
0.297 0.323 0.453
0.297 0.323 0.453
0.297 0.323 0.453
0.297 0.323 0.453
0.297 0.323 0.453
0.297 0.323 0.453
0.297 0.323 0.453
0.297 0.323 0.453
0.297 0.322 0.452
0.297 0.322 0.452
0.297 0.322 0.452
0.297 0.322 0.452
0.297 0.322 0.452
0.297 0.322 0.452
0.297 0.322 0.452
0.297 0.322 0.452
0.297 0.322 0.452
0.297 0.322 0.452
0.297 0.322 0.452
0.297 0.322 0.452
0.297 0.322 0.452
0.297 0.322 0.452
0.297 0.322 0.452
0.297 0.322 0.452
0.297 0.322 0.452
0.297 0.322 0.452
0.297 0.322 0.452
0.297 0.322 0.452
0.297 0.322 0.452
0.297 0.322 0.452
0.297 0.322 0.452
0.297 0.322 0.452
0.297 0.322 0.452
0.297 0.322 0.452
0.297 0.322 0.452
0.297 0.322 0.452
0.297 0.322 0.452
0.297 0.322 0.452
0.297 0.322 0.452
0.297 0.322 0.452
0.297 0.322 0.451
0.297 0.322 0.451
0.297 0.322 0.451
0.297 0.322 0.451
0.297 0.322 0.451
0.297 0.322 0.451
0.297 0.322 0.451
0.297 0.322 0.451
0.297 0.322 0.451
0.297 0.322 0.451
0.297 0.322 0.451
0.297 0.322 0.451
0.297 0.322 0.451
0.297 0.322 0.451
0.297 0.322 0.451
0.297 0.322 0.451
0.297 0.322 0.451
0.297 0.322 0.451
0.297 0.322 0.451
0.297 0.322 0.451
0.297 0.322 0.451
0.297 0.322 0.451
0.297 0.322 0.451
0.297 0.322 0.451
0.297 0.322 0.451
0.297 0.322 0.451
0.297 0.322 0.451
0.297 0.322 0.451
0.297 0.322 0.451
0.297 0.322 0.451
0.297 0.322 0.451
0.297 0.322 0.451
0.297 0.322 0.450
0.297 0.322 0.450
0.297 0.322 0.450
0.297 0.322 0.450
0.297 0.322 0.450
0.297 0.322 0.450
0.297 0.322 0.450
0.297 0.322 0.450
0.297 0.322 0.450
0.297 0.322 0.450
0.297 0.322 0.450
0.297 0.322 0.450
0.297 0.322 0.450
0.297 0.322 0.450
0.297 0.322 0.450
0.297 0.322 0.450
0.297 0.322 0.450
0.297 0.322 0.450
0.297 0.322 0.450
0.297 0.322 0.450
0.297 0.322 0.450
0.297 0.322 0.450
0.297 0.322 0.450
0.297 0.322 0.450
0.297 0.322 0.450
0.297 0.322 0.450
0.297 0.322 0.450
0.297 0.322 0.450
0.297 0.322 0.450
0.297 0.322 0.450
0.297 0.322 0.450
0.297 0.322 0.449
0.297 0.321 0.449
0.297 0.321 0.449
0.297 0.321 0.449
0.297 0.321 0.449
0.297 0.321 0.449
0.297 0.321 0.449
0.297 0.321 0.449
0.297 0.321 0.449
0.297 0.321 0.449
0.297 0.321 0.449
0.297 0.321 0.449
0.297 0.321 0.449
0.297 0.321 0.449
0.297 0.321 0.449
0.297 0.321 0.449
0.297 0.321 0.449
0.297 0.321 0.449
0.297 0.321 0.449
0.297 0.321 0.449
0.297 0.321 0.449
0.297 0.321 0.449
0.297 0.321 0.449
0.297 0.321 0.449
0.297 0.321 0.449
0.297 0.321 0.449
0.297 0.321 0.449
0.297 0.321 0.449
0.297 0.321 0.449
0.297 0.321 0.449
0.297 0.321 0.449
0.297 0.321 0.448
0.297 0.321 0.448
0.297 0.321 0.448
0.297 0.321 0.448
0.297 0.321 0.448
0.297 0.321 0.448
0.297 0.321 0.448
0.297 0.321 0.448
0.297 0.321 0.448
0.297 0.321 0.448
0.297 0.321 0.448
0.297 0.321 0.448
0.297 0.321 0.448
0.297 0.321 0.448
0.297 0.321 0.448
0.297 0.321 0.448
0.297 0.321 0.448
0.297 0.321 0.448
0.297 0.321 0.448
0.297 0.321 0.448
0.297 0.321 0.448
0.297 0.321 0.448
0.297 0.321 0.448
0.297 0.321 0.448
0.297 0.321 0.448
0.297 0.321 0.448
0.297 0.321 0.448
0.297 0.321 0.448
0.297 0.321 0.448
0.297 0.321 0.448
0.297 0.321 0.448
0.297 0.321 0.447
0.297 0.321 0.447
0.297 0.321 0.447
0.297 0.321 0.447
0.297 0.321 0.447
0.297 0.321 0.447
0.297 0.321 0.447
0.297 0.321 0.447
0.297 0.321 0.447
0.297 0.321 0.447
0.297 0.321 0.447
0.297 0.321 0.447
0.297 0.321 0.447
0.297 0.321 0.447
0.297 0.321 0.447
0.297 0.321 0.447
0.297 0.321 0.447
0.297 0.321 0.447
0.297 0.321 0.447
0.297 0.321 0.447
0.297 0.321 0.447
0.297 0.321 0.447
0.297 0.321 0.447
0.297 0.321 0.447
0.297 0.321 0.447
0.297 0.321 0.447
0.297 0.321 0.447
0.297 0.321 0.447
0.297 0.321 0.447
0.297 0.321 0.447
0.297 0.321 0.446
0.297 0.321 0.446
0.297 0.321 0.446
0.297 0.321 0.446
0.297 0.321 0.446
0.297 0.321 0.446
0.297 0.321 0.446
0.297 0.321 0.446
0.297 0.320 0.446
0.297 0.320 0.446
0.297 0.320 0.446
0.297 0.320 0.446
0.297 0.320 0.446
0.297 0.320 0.446
0.297 0.320 0.446
0.297 0.320 0.446
0.297 0.320 0.446
0.297 0.320 0.446
0.297 0.320 0.446
0.297 0.320 0.446
0.297 0.320 0.446
0.297 0.320 0.446
0.297 0.320 0.446
0.297 0.320 0.446
0.297 0.320 0.446
0.297 0.320 0.446
0.297 0.320 0.446
0.297 0.320 0.446
0.297 0.320 0.446
0.297 0.320 0.446
0.297 0.320 0.445
0.297 0.320 0.445
0.297 0.320 0.445
0.297 0.320 0.445
0.297 0.320 0.445
0.297 0.320 0.445
0.297 0.320 0.445
0.297 0.320 0.445
0.297 0.320 0.445
0.297 0.320 0.445
0.297 0.320 0.445
0.297 0.320 0.445
0.297 0.320 0.445
0.297 0.320 0.445
0.297 0.320 0.445
0.297 0.320 0.445
0.297 0.320 0.445
0.297 0.320 0.445
0.297 0.320 0.445
0.297 0.320 0.445
0.297 0.320 0.445
0.297 0.320 0.445
0.297 0.320 0.445
0.297 0.320 0.445
0.297 0.320 0.445
0.297 0.320 0.445
0.297 0.320 0.445
0.297 0.320 0.445
0.297 0.320 0.445
0.297 0.320 0.445
0.297 0.320 0.444
0.297 0.320 0.444
0.297 0.320 0.444
0.297 0.320 0.444
0.297 0.320 0.444
0.297 0.320 0.444
0.297 0.320 0.444
0.297 0.320 0.444
0.297 0.320 0.444
0.297 0.320 0.444
0.297 0.320 0.444
0.297 0.320 0.444
0.297 0.320 0.444
0.297 0.320 0.444
0.297 0.320 0.444
0.297 0.320 0.444
0.297 0.320 0.444
0.297 0.320 0.444
0.297 0.320 0.444
0.297 0.320 0.444
0.297 0.320 0.444
0.297 0.320 0.444
0.297 0.320 0.444
0.297 0.320 0.444
0.297 0.320 0.444
0.297 0.320 0.444
0.297 0.320 0.444
0.297 0.320 0.444
0.297 0.320 0.444
0.297 0.320 0.443
0.297 0.320 0.443
0.297 0.320 0.443
0.297 0.320 0.443
0.297 0.320 0.443
0.297 0.320 0.443
0.297 0.320 0.443
0.297 0.320 0.443
0.297 0.320 0.443
0.297 0.320 0.443
0.297 0.320 0.443
0.297 0.320 0.443
0.297 0.320 0.443
0.297 0.320 0.443
0.297 0.320 0.443
0.297 0.320 0.443
0.297 0.320 0.443
0.297 0.320 0.443
0.297 0.320 0.443
0.297 0.319 0.443
0.297 0.319 0.443
0.297 0.319 0.443
0.297 0.319 0.443
0.297 0.319 0.443
0.297 0.319 0.443
0.297 0.319 0.443
0.297 0.319 0.443
0.297 0.319 0.443
0.297 0.319 0.443
0.297 0.319 0.442
0.297 0.319 0.442
0.297 0.319 0.442
0.297 0.319 0.442
0.297 0.319 0.442
0.297 0.319 0.442
0.297 0.319 0.442
0.297 0.319 0.442
0.297 0.319 0.442
0.297 0.319 0.442
0.297 0.319 0.442
0.297 0.319 0.442
0.297 0.319 0.442
0.297 0.319 0.442
0.297 0.319 0.442
0.297 0.319 0.442
0.297 0.319 0.442
0.297 0.319 0.442
0.297 0.319 0.442
0.297 0.319 0.442
0.297 0.319 0.442
0.297 0.319 0.442
0.297 0.319 0.442
0.297 0.319 0.442
0.297 0.319 0.442
0.297 0.319 0.442
0.297 0.319 0.442
0.297 0.319 0.442
0.297 0.319 0.442
0.297 0.319 0.441
0.297 0.319 0.441
0.297 0.319 0.441
0.297 0.319 0.441
0.297 0.319 0.441
0.297 0.319 0.441
0.297 0.319 0.441
0.297 0.319 0.441
0.297 0.319 0.441
0.297 0.319 0.441
0.297 0.319 0.441
0.297 0.319 0.441
0.297 0.319 0.441
0.297 0.319 0.441
0.297 0.319 0.441
0.297 0.319 0.441
0.297 0.319 0.441
0.297 0.319 0.441
0.297 0.319 0.441
0.297 0.319 0.441
0.297 0.319 0.441
0.297 0.319 0.441
0.297 0.319 0.441
0.297 0.319 0.441
0.297 0.319 0.441
0.297 0.319 0.441
0.297 0.319 0.441
0.297 0.319 0.441
0.297 0.319 0.441
0.297 0.319 0.440
0.297 0.319 0.440
0.297 0.319 0.440
0.297 0.319 0.440
0.297 0.319 0.440
0.297 0.319 0.440
0.297 0.319 0.440
0.297 0.319 0.440
0.297 0.319 0.440
0.297 0.319 0.440
0.297 0.319 0.440
0.297 0.319 0.440
0.297 0.319 0.440
0.297 0.319 0.440
0.297 0.319 0.440
0.297 0.319 0.440
0.297 0.319 0.440
0.297 0.319 0.440
0.297 0.319 0.440
0.297 0.319 0.440
0.297 0.319 0.440
0.297 0.319 0.440
0.297 0.319 0.440
0.297 0.319 0.440
0.297 0.319 0.440
0.297 0.319 0.440
0.297 0.319 0.440
0.297 0.319 0.440
0.297 0.319 0.440
0.297 0.319 0.439
0.297 0.319 0.439
0.297 0.319 0.439
0.297 0.319 0.439
0.297 0.319 0.439
0.297 0.319 0.439
0.297 0.318 0.439
0.297 0.318 0.439
0.297 0.318 0.439
0.297 0.318 0.439
0.297 0.318 0.439
0.297 0.318 0.439
0.297 0.318 0.439
0.297 0.318 0.439
0.297 0.318 0.439
0.297 0.318 0.439
0.297 0.318 0.439
0.297 0.318 0.439
0.297 0.318 0.439
0.297 0.318 0.439
0.297 0.318 0.439
0.297 0.318 0.439
0.297 0.318 0.439
0.297 0.318 0.439
0.297 0.318 0.439
0.297 0.318 0.439
0.297 0.318 0.439
0.297 0.318 0.439
0.297 0.318 0.438
0.297 0.318 0.438
0.297 0.318 0.438
0.297 0.318 0.438
0.297 0.318 0.438
0.297 0.318 0.438
0.297 0.318 0.438
0.297 0.318 0.438
0.297 0.318 0.438
0.297 0.318 0.438
0.297 0.318 0.438
0.297 0.318 0.438
0.297 0.318 0.438
0.297 0.318 0.438
0.297 0.318 0.438
0.297 0.318 0.438
0.297 0.318 0.438
0.297 0.318 0.438
0.297 0.318 0.438
0.297 0.318 0.438
0.297 0.318 0.438
0.297 0.318 0.438
0.297 0.318 0.438
0.297 0.318 0.438
0.297 0.318 0.438
0.297 0.318 0.438
0.297 0.318 0.438
0.297 0.318 0.438
0.297 0.318 0.437
0.297 0.318 0.437
0.297 0.318 0.437
0.297 0.318 0.437
0.297 0.318 0.437
0.297 0.318 0.437
0.297 0.318 0.437
0.297 0.318 0.437
0.297 0.318 0.437
0.297 0.318 0.437
0.297 0.318 0.437
0.297 0.318 0.437
0.297 0.318 0.437
0.297 0.318 0.437
0.297 0.318 0.437
0.297 0.318 0.437
0.297 0.318 0.437
0.297 0.318 0.437
0.297 0.318 0.437
0.297 0.318 0.437
0.297 0.318 0.437
0.297 0.318 0.437
0.297 0.318 0.437
0.297 0.318 0.437
0.297 0.318 0.437
0.297 0.318 0.437
0.297 0.318 0.437
0.297 0.318 0.437
0.297 0.318 0.437
0.297 0.318 0.436
0.297 0.318 0.436
0.297 0.318 0.436
0.297 0.318 0.436
0.297 0.318 0.436
0.297 0.318 0.436
0.297 0.318 0.436
0.297 0.318 0.436
0.297 0.318 0.436
0.297 0.318 0.436
0.297 0.318 0.436
0.297 0.318 0.436
0.297 0.318 0.436
0.297 0.318 0.436
0.297 0.318 0.436
0.297 0.318 0.436
0.297 0.318 0.436
0.297 0.318 0.436
0.297 0.318 0.436
0.297 0.318 0.436
0.297 0.318 0.436
0.297 0.318 0.436
0.297 0.318 0.436
0.297 0.318 0.436
0.297 0.318 0.436
0.297 0.318 0.436
0.297 0.318 0.436
0.297 0.317 0.436
0.297 0.317 0.435
0.297 0.317 0.435
0.297 0.317 0.435
0.297 0.317 0.435
0.297 0.317 0.435
0.297 0.317 0.435
0.297 0.317 0.435
0.297 0.317 0.435
0.297 0.317 0.435
0.297 0.317 0.435
0.297 0.317 0.435
0.297 0.317 0.435
0.297 0.317 0.435
0.297 0.317 0.435
0.297 0.317 0.435
0.297 0.317 0.435
0.297 0.317 0.435
0.297 0.317 0.435
0.297 0.317 0.435
0.297 0.317 0.435
0.297 0.317 0.435
0.297 0.317 0.435
0.297 0.317 0.435
0.297 0.317 0.435
0.297 0.317 0.435
0.297 0.317 0.435
0.297 0.317 0.435
0.297 0.317 0.435
0.297 0.317 0.434
0.297 0.317 0.434
0.297 0.317 0.434
0.297 0.317 0.434
0.297 0.317 0.434
0.297 0.317 0.434
0.297 0.317 0.434
0.297 0.317 0.434
0.297 0.317 0.434
0.297 0.317 0.434
0.297 0.317 0.434
0.297 0.317 0.434
0.297 0.317 0.434
0.297 0.317 0.434
0.297 0.317 0.434
0.297 0.317 0.434
0.297 0.317 0.434
0.297 0.317 0.434
0.297 0.317 0.434
0.297 0.317 0.434
0.297 0.317 0.434
0.297 0.317 0.434
0.297 0.317 0.434
0.297 0.317 0.434
0.297 0.317 0.434
0.297 0.317 0.434
0.297 0.317 0.434
0.297 0.317 0.434
0.297 0.317 0.433
0.297 0.317 0.433
0.297 0.317 0.433
0.297 0.317 0.433
0.297 0.317 0.433
0.297 0.317 0.433
0.297 0.317 0.433
0.297 0.317 0.433
0.297 0.317 0.433
0.297 0.317 0.433
0.297 0.317 0.433
0.297 0.317 0.433
0.297 0.317 0.433
0.297 0.317 0.433
0.297 0.317 0.433
0.297 0.317 0.433
0.297 0.317 0.433
0.297 0.317 0.433
0.297 0.317 0.433
0.297 0.317 0.433
0.297 0.317 0.433
0.297 0.317 0.433
0.297 0.317 0.433
0.297 0.317 0.433
0.297 0.317 0.433
0.297 0.317 0.433
0.297 0.317 0.433
0.297 0.317 0.432
0.297 0.317 0.432
0.297 0.317 0.432
0.297 0.317 0.432
0.297 0.317 0.432
0.297 0.317 0.432
0.297 0.317 0.432
0.297 0.317 0.432
0.297 0.317 0.432
0.297 0.317 0.432
0.297 0.317 0.432
0.297 0.317 0.432
0.297 0.317 0.432
0.297 0.317 0.432
0.297 0.317 0.432
0.297 0.317 0.432
0.297 0.317 0.432
0.297 0.317 0.432
0.297 0.317 0.432
0.297 0.317 0.432
0.297 0.317 0.432
0.297 0.317 0.432
0.297 0.317 0.432
0.297 0.317 0.432
0.297 0.317 0.432
0.297 0.317 0.432
0.297 0.316 0.432
0.297 0.316 0.432
0.297 0.316 0.431
0.297 0.316 0.431
0.297 0.316 0.431
0.297 0.316 0.431
0.297 0.316 0.431
0.297 0.316 0.431
0.297 0.316 0.431
0.297 0.316 0.431
0.297 0.316 0.431
0.297 0.316 0.431
0.297 0.316 0.431
0.297 0.316 0.431
0.297 0.316 0.431
0.297 0.316 0.431
0.297 0.316 0.431
0.297 0.316 0.431
0.297 0.316 0.431
0.297 0.316 0.431
0.297 0.316 0.431
0.297 0.316 0.431
0.297 0.316 0.431
0.297 0.316 0.431
0.297 0.316 0.431
0.297 0.316 0.431
0.297 0.316 0.431
0.297 0.316 0.431
0.297 0.316 0.431
0.297 0.316 0.431
0.297 0.316 0.430
0.297 0.316 0.430
0.297 0.316 0.430
0.297 0.316 0.430
0.297 0.316 0.430
0.297 0.316 0.430
0.297 0.316 0.430
0.297 0.316 0.430
0.297 0.316 0.430
0.297 0.316 0.430
0.297 0.316 0.430
0.297 0.316 0.430
0.297 0.316 0.430
0.297 0.316 0.430
0.297 0.316 0.430
0.297 0.316 0.430
0.297 0.316 0.430
0.297 0.316 0.430
0.297 0.316 0.430
0.297 0.316 0.430
0.297 0.316 0.430
0.297 0.316 0.430
0.297 0.316 0.430
0.297 0.316 0.430
0.297 0.316 0.430
0.297 0.316 0.430
0.297 0.316 0.430
0.297 0.316 0.429
0.297 0.316 0.429
0.297 0.316 0.429
0.297 0.316 0.429
0.297 0.316 0.429
0.297 0.316 0.429
0.297 0.316 0.429
0.297 0.316 0.429
0.297 0.316 0.429
0.297 0.316 0.429
0.297 0.316 0.429
0.297 0.316 0.429
0.297 0.316 0.429
0.297 0.316 0.429
0.297 0.316 0.429
0.297 0.316 0.429
0.297 0.316 0.429
0.297 0.316 0.429
0.297 0.316 0.429
0.297 0.316 0.429
0.297 0.316 0.429
0.297 0.316 0.429
0.297 0.316 0.429
0.297 0.316 0.429
0.297 0.316 0.429
0.297 0.316 0.429
0.297 0.316 0.429
0.297 0.316 0.429
0.297 0.316 0.428
0.297 0.316 0.428
0.297 0.316 0.428
0.297 0.316 0.428
0.297 0.316 0.428
0.297 0.316 0.428
0.297 0.316 0.428
0.297 0.316 0.428
0.297 0.316 0.428
0.297 0.316 0.428
0.297 0.316 0.428
0.297 0.316 0.428
0.297 0.316 0.428
0.297 0.316 0.428
0.297 0.316 0.428
0.297 0.316 0.428
0.297 0.316 0.428
0.297 0.316 0.428
0.297 0.316 0.428
0.297 0.316 0.428
0.297 0.316 0.428
0.297 0.316 0.428
0.297 0.316 0.428
0.297 0.316 0.428
0.297 0.316 0.428
0.297 0.316 0.428
0.297 0.316 0.428
0.297 0.316 0.428
0.297 0.316 0.427
0.297 0.316 0.427
0.297 0.315 0.427
0.297 0.315 0.427
0.297 0.315 0.427
0.297 0.315 0.427
0.297 0.315 0.427
0.297 0.315 0.427
0.297 0.315 0.427
0.297 0.315 0.427
0.297 0.315 0.427
0.297 0.315 0.427
0.297 0.315 0.427
0.297 0.315 0.427
0.297 0.315 0.427
0.297 0.315 0.427
0.297 0.315 0.427
0.297 0.315 0.427
0.297 0.315 0.427
0.297 0.315 0.427
0.297 0.315 0.427
0.297 0.315 0.427
0.297 0.315 0.427
0.297 0.315 0.427
0.297 0.315 0.427
0.297 0.315 0.427
0.297 0.315 0.427
0.297 0.315 0.426
0.297 0.315 0.426
0.297 0.315 0.426
0.297 0.315 0.426
0.297 0.315 0.426
0.297 0.315 0.426
0.297 0.315 0.426
0.297 0.315 0.426
0.297 0.315 0.426
0.297 0.315 0.426
0.297 0.315 0.426
0.297 0.315 0.426
0.297 0.315 0.426
0.297 0.315 0.426
0.297 0.315 0.426
0.297 0.315 0.426
0.297 0.315 0.426
0.297 0.315 0.426
0.297 0.315 0.426
0.297 0.315 0.426
0.297 0.315 0.426
0.297 0.315 0.426
0.297 0.315 0.426
0.297 0.315 0.426
0.297 0.315 0.426
0.297 0.315 0.426
0.297 0.315 0.426
0.297 0.315 0.425
0.297 0.315 0.425
0.297 0.315 0.425
0.297 0.315 0.425
0.297 0.315 0.425
0.297 0.315 0.425
0.297 0.315 0.425
0.297 0.315 0.425
0.297 0.315 0.425
0.297 0.315 0.425
0.297 0.315 0.425
0.297 0.315 0.425
0.297 0.315 0.425
0.297 0.315 0.425
0.297 0.315 0.425
0.297 0.315 0.425
0.297 0.315 0.425
0.297 0.315 0.425
0.297 0.315 0.425
0.297 0.315 0.425
0.297 0.315 0.425
0.297 0.315 0.425
0.297 0.315 0.425
0.297 0.315 0.425
0.297 0.315 0.425
0.297 0.315 0.425
0.297 0.315 0.425
0.297 0.315 0.425
0.297 0.315 0.424
0.297 0.315 0.424
0.297 0.315 0.424
0.297 0.315 0.424
0.297 0.315 0.424
0.297 0.315 0.424
0.297 0.315 0.424
0.297 0.315 0.424
0.297 0.315 0.424
0.297 0.315 0.424
0.297 0.315 0.424
0.297 0.315 0.424
0.297 0.315 0.424
0.297 0.315 0.424
0.297 0.315 0.424
0.297 0.315 0.424
0.297 0.315 0.424
0.297 0.315 0.424
0.297 0.315 0.424
0.297 0.315 0.424
0.297 0.315 0.424
0.297 0.315 0.424
0.297 0.315 0.424
0.297 0.315 0.424
0.297 0.315 0.424
0.297 0.315 0.424
0.297 0.315 0.424
0.297 0.315 0.423
0.297 0.315 0.423
0.297 0.315 0.423
0.297 0.315 0.423
0.297 0.315 0.423
0.297 0.315 0.423
0.297 0.315 0.423
0.297 0.315 0.423
0.297 0.315 0.423
0.297 0.315 0.423
0.297 0.315 0.423
0.297 0.315 0.423
0.297 0.315 0.423
0.297 0.315 0.423
0.297 0.314 0.423
0.297 0.314 0.423
0.297 0.314 0.423
0.297 0.314 0.423
0.297 0.314 0.423
0.297 0.314 0.423
0.297 0.314 0.423
0.297 0.314 0.423
0.297 0.314 0.423
0.297 0.314 0.423
0.297 0.314 0.423
0.297 0.314 0.423
0.297 0.314 0.423
0.297 0.314 0.423
0.297 0.314 0.422
0.297 0.314 0.422
0.297 0.314 0.422
0.297 0.314 0.422
0.297 0.314 0.422
0.297 0.314 0.422
0.297 0.314 0.422
0.297 0.314 0.422
0.297 0.314 0.422
0.297 0.314 0.422
0.297 0.314 0.422
0.297 0.314 0.422
0.297 0.314 0.422
0.297 0.314 0.422
0.297 0.314 0.422
0.297 0.314 0.422
0.297 0.314 0.422
0.297 0.314 0.422
0.297 0.314 0.422
0.297 0.314 0.422
0.297 0.314 0.422
0.297 0.314 0.422
0.297 0.314 0.422
0.297 0.314 0.422
0.297 0.314 0.422
0.297 0.314 0.422
0.297 0.314 0.422
0.297 0.314 0.421
0.297 0.314 0.421
0.297 0.314 0.421
0.297 0.314 0.421
0.297 0.314 0.421
0.297 0.314 0.421
0.297 0.314 0.421
0.297 0.314 0.421
0.297 0.314 0.421
0.297 0.314 0.421
0.297 0.314 0.421
0.297 0.314 0.421
0.297 0.314 0.421
0.297 0.314 0.421
0.297 0.314 0.421
0.297 0.314 0.421
0.297 0.314 0.421
0.297 0.314 0.421
0.297 0.314 0.421
0.297 0.314 0.421
0.297 0.314 0.421
0.297 0.314 0.421
0.297 0.314 0.421
0.297 0.314 0.421
0.297 0.314 0.421
0.297 0.314 0.421
0.297 0.314 0.421
0.297 0.314 0.421
0.297 0.314 0.420
0.297 0.314 0.420
0.297 0.314 0.420
0.297 0.314 0.420
0.297 0.314 0.420
0.297 0.314 0.420
0.297 0.314 0.420
0.297 0.314 0.420
0.297 0.314 0.420
0.297 0.314 0.420
0.297 0.314 0.420
0.297 0.314 0.420
0.297 0.314 0.420
0.297 0.314 0.420
0.297 0.314 0.420
0.297 0.314 0.420
0.297 0.314 0.420
0.297 0.314 0.420
0.297 0.314 0.420
0.297 0.314 0.420
0.297 0.314 0.420
0.297 0.314 0.420
0.297 0.314 0.420
0.297 0.314 0.420
0.297 0.314 0.420
0.297 0.314 0.420
0.297 0.314 0.420
0.297 0.314 0.419
0.297 0.314 0.419
0.297 0.314 0.419
0.297 0.314 0.419
0.297 0.314 0.419
0.297 0.314 0.419
0.297 0.314 0.419
0.297 0.314 0.419
0.297 0.314 0.419
0.297 0.314 0.419
0.297 0.314 0.419
0.297 0.314 0.419
0.297 0.314 0.419
0.297 0.314 0.419
0.297 0.314 0.419
0.297 0.314 0.419
0.297 0.314 0.419
0.297 0.314 0.419
0.297 0.314 0.419
0.297 0.314 0.419
0.297 0.314 0.419
0.297 0.314 0.419
0.297 0.314 0.419
0.297 0.314 0.419
0.297 0.314 0.419
0.297 0.314 0.419
0.297 0.314 0.419
0.297 0.314 0.418
0.297 0.314 0.418
0.297 0.314 0.418
0.297 0.314 0.418
0.297 0.314 0.418
0.297 0.314 0.418
0.297 0.313 0.418
0.297 0.313 0.418
0.297 0.313 0.418
0.297 0.313 0.418
0.297 0.313 0.418
0.297 0.313 0.418
0.297 0.313 0.418
0.297 0.313 0.418
0.297 0.313 0.418
0.297 0.313 0.418
0.297 0.313 0.418
0.297 0.313 0.418
0.297 0.313 0.418
0.297 0.313 0.418
0.297 0.313 0.418
0.297 0.313 0.418
0.297 0.313 0.418
0.297 0.313 0.418
0.297 0.313 0.418
0.297 0.313 0.418
0.297 0.313 0.418
0.297 0.313 0.418
0.297 0.313 0.417
0.297 0.313 0.417
0.297 0.313 0.417
0.297 0.313 0.417
0.297 0.313 0.417
0.297 0.313 0.417
0.297 0.313 0.417
0.297 0.313 0.417
0.297 0.313 0.417
0.297 0.313 0.417
0.297 0.313 0.417
0.297 0.313 0.417
0.297 0.313 0.417
0.297 0.313 0.417
0.297 0.313 0.417
0.297 0.313 0.417
0.297 0.313 0.417
0.297 0.313 0.417
0.297 0.313 0.417
0.297 0.313 0.417
0.297 0.313 0.417
0.297 0.313 0.417
0.297 0.313 0.417
0.297 0.313 0.417
0.297 0.313 0.417
0.297 0.313 0.417
0.297 0.313 0.417
0.297 0.313 0.416
0.297 0.313 0.416
0.297 0.313 0.416
0.297 0.313 0.416
0.297 0.313 0.416
0.297 0.313 0.416
0.297 0.313 0.416
0.297 0.313 0.416
0.297 0.313 0.416
0.297 0.313 0.416
0.297 0.313 0.416
0.297 0.313 0.416
0.297 0.313 0.416
0.297 0.313 0.416
0.297 0.313 0.416
0.297 0.313 0.416
0.297 0.313 0.416
0.297 0.313 0.416
0.297 0.313 0.416
0.297 0.313 0.416
0.297 0.313 0.416
0.297 0.313 0.416
0.297 0.313 0.416
0.297 0.313 0.416
0.297 0.313 0.416
0.297 0.313 0.416
0.297 0.313 0.416
0.297 0.313 0.416
0.297 0.313 0.415
0.297 0.313 0.415
0.297 0.313 0.415
0.297 0.313 0.415
0.297 0.313 0.415
0.297 0.313 0.415
0.297 0.313 0.415
0.297 0.313 0.415
0.297 0.313 0.415
0.297 0.313 0.415
0.297 0.313 0.415
0.297 0.313 0.415
0.297 0.313 0.415
0.297 0.313 0.415
0.297 0.313 0.415
0.297 0.313 0.415
0.297 0.313 0.415
0.297 0.313 0.415
0.297 0.313 0.415
0.297 0.313 0.415
0.297 0.313 0.415
0.297 0.313 0.415
0.297 0.313 0.415
0.297 0.313 0.415
0.297 0.313 0.415
0.297 0.313 0.415
0.297 0.313 0.415
0.297 0.313 0.415
0.297 0.313 0.414
0.297 0.313 0.414
0.297 0.313 0.414
0.297 0.313 0.414
0.297 0.313 0.414
0.297 0.313 0.414
0.297 0.313 0.414
0.297 0.313 0.414
0.297 0.313 0.414
0.297 0.313 0.414
0.297 0.313 0.414
0.297 0.313 0.414
0.297 0.313 0.414
0.297 0.313 0.414
0.297 0.313 0.414
0.297 0.313 0.414
0.297 0.313 0.414
0.297 0.313 0.414
0.297 0.313 0.414
0.297 0.313 0.414
0.297 0.313 0.414
0.297 0.313 0.414
0.297 0.313 0.414
0.297 0.313 0.414
0.297 0.313 0.414
0.298 0.313 0.414
0.298 0.313 0.414
0.298 0.313 0.413
0.298 0.313 0.413
0.298 0.313 0.413
0.298 0.313 0.413
0.298 0.313 0.413
0.298 0.313 0.413
0.298 0.313 0.413
0.298 0.313 0.413
0.298 0.312 0.413
0.298 0.312 0.413
0.298 0.312 0.413
0.298 0.312 0.413
0.298 0.312 0.413
0.298 0.312 0.413
0.298 0.312 0.413
0.298 0.312 0.413
0.298 0.312 0.413
0.298 0.312 0.413
0.298 0.312 0.413
0.298 0.312 0.413
0.298 0.312 0.413
0.298 0.312 0.413
0.298 0.312 0.413
0.298 0.312 0.413
0.298 0.312 0.413
0.298 0.312 0.413
0.298 0.312 0.413
0.298 0.312 0.413
0.298 0.312 0.412
0.298 0.312 0.412
0.298 0.312 0.412
0.298 0.312 0.412
0.298 0.312 0.412
0.298 0.312 0.412
0.298 0.312 0.412
0.298 0.312 0.412
0.298 0.312 0.412
0.298 0.312 0.412
0.298 0.312 0.412
0.298 0.312 0.412
0.298 0.312 0.412
0.298 0.312 0.412
0.298 0.312 0.412
0.298 0.312 0.412
0.298 0.312 0.412
0.298 0.312 0.412
0.298 0.312 0.412
0.298 0.312 0.412
0.298 0.312 0.412
0.298 0.312 0.412
0.298 0.312 0.412
0.298 0.312 0.412
0.298 0.312 0.412
0.298 0.312 0.412
0.298 0.312 0.412
0.298 0.312 0.412
0.298 0.312 0.411
0.298 0.312 0.411
0.298 0.312 0.411
0.298 0.312 0.411
0.298 0.312 0.411
0.298 0.312 0.411
0.298 0.312 0.411
0.298 0.312 0.411
0.298 0.312 0.411
0.298 0.312 0.411
0.298 0.312 0.411
0.298 0.312 0.411
0.298 0.312 0.411
0.298 0.312 0.411
0.298 0.312 0.411
0.298 0.312 0.411
0.298 0.312 0.411
0.298 0.312 0.411
0.298 0.312 0.411
0.298 0.312 0.411
0.298 0.312 0.411
0.298 0.312 0.411
0.298 0.312 0.411
0.298 0.312 0.411
0.298 0.312 0.411
0.298 0.312 0.411
0.298 0.312 0.411
0.298 0.312 0.410
0.298 0.312 0.410
0.298 0.312 0.410
0.298 0.312 0.410
0.298 0.312 0.410
0.298 0.312 0.410
0.298 0.312 0.410
0.298 0.312 0.410
0.298 0.312 0.410
0.298 0.312 0.410
0.298 0.312 0.410
0.298 0.312 0.410
0.298 0.312 0.410
0.298 0.312 0.410
0.298 0.312 0.410
0.298 0.312 0.410
0.298 0.312 0.410
0.298 0.312 0.410
0.298 0.312 0.410
0.298 0.312 0.410
0.298 0.312 0.410
0.298 0.312 0.410
0.298 0.312 0.410
0.298 0.312 0.410
0.298 0.312 0.410
0.298 0.312 0.410
0.298 0.312 0.410
0.298 0.312 0.410
0.298 0.312 0.409
0.298 0.312 0.409
0.298 0.312 0.409
0.298 0.312 0.409
0.298 0.312 0.409
0.298 0.312 0.409
0.298 0.312 0.409
0.298 0.312 0.409
0.298 0.312 0.409
0.298 0.312 0.409
0.298 0.312 0.409
0.298 0.312 0.409
0.298 0.312 0.409
0.298 0.312 0.409
0.298 0.312 0.409
0.298 0.312 0.409
0.298 0.312 0.409
0.298 0.312 0.409
0.298 0.312 0.409
0.298 0.312 0.409
0.298 0.312 0.409
0.298 0.312 0.409
0.298 0.312 0.409
0.298 0.312 0.409
0.298 0.312 0.409
0.298 0.312 0.409
0.298 0.312 0.409
0.298 0.312 0.409
0.298 0.312 0.408
0.298 0.312 0.408
0.298 0.312 0.408
0.298 0.312 0.408
0.298 0.312 0.408
0.298 0.312 0.408
0.298 0.312 0.408
0.298 0.312 0.408
0.298 0.312 0.408
0.298 0.312 0.408
0.298 0.312 0.408
0.298 0.312 0.408
0.298 0.312 0.408
0.298 0.312 0.408
0.298 0.312 0.408
0.298 0.312 0.408
0.298 0.312 0.408
0.298 0.312 0.408
0.298 0.312 0.408
0.298 0.312 0.408
0.298 0.312 0.408
0.298 0.312 0.408
0.298 0.311 0.408
0.298 0.311 0.408
0.298 0.311 0.408
0.298 0.311 0.408
0.298 0.311 0.408
0.298 0.311 0.408
0.298 0.311 0.407
0.298 0.311 0.407
0.298 0.311 0.407
0.298 0.311 0.407
0.298 0.311 0.407
0.298 0.311 0.407
0.298 0.311 0.407
0.298 0.311 0.407
0.298 0.311 0.407
0.298 0.311 0.407
0.298 0.311 0.407
0.298 0.311 0.407
0.298 0.311 0.407
0.298 0.311 0.407
0.298 0.311 0.407
0.298 0.311 0.407
0.298 0.311 0.407
0.298 0.311 0.407
0.298 0.311 0.407
0.298 0.311 0.407
0.298 0.311 0.407
0.298 0.311 0.407
0.298 0.311 0.407
0.298 0.311 0.407
0.298 0.311 0.407
0.298 0.311 0.407
0.298 0.311 0.407
0.298 0.311 0.407
0.298 0.311 0.406
0.298 0.311 0.406
0.298 0.311 0.406
0.298 0.311 0.406
0.298 0.311 0.406
0.298 0.311 0.406
0.298 0.311 0.406
0.298 0.311 0.406
0.298 0.311 0.406
0.298 0.311 0.406
0.298 0.311 0.406
0.298 0.311 0.406
0.298 0.311 0.406
0.298 0.311 0.406
0.298 0.311 0.406
0.298 0.311 0.406
0.298 0.311 0.406
0.298 0.311 0.406
0.298 0.311 0.406
0.298 0.311 0.406
0.298 0.311 0.406
0.298 0.311 0.406
0.298 0.311 0.406
0.298 0.311 0.406
0.298 0.311 0.406
0.298 0.311 0.406
0.298 0.311 0.406
0.298 0.311 0.406
0.298 0.311 0.406
0.298 0.311 0.405
0.298 0.311 0.405
0.298 0.311 0.405
0.298 0.311 0.405
0.298 0.311 0.405
0.298 0.311 0.405
0.298 0.311 0.405
0.298 0.311 0.405
0.298 0.311 0.405
0.298 0.311 0.405
0.298 0.311 0.405
0.298 0.311 0.405
0.298 0.311 0.405
0.298 0.311 0.405
0.298 0.311 0.405
0.298 0.311 0.405
0.298 0.311 0.405
0.298 0.311 0.405
0.298 0.311 0.405
0.298 0.311 0.405
0.298 0.311 0.405
0.298 0.311 0.405
0.298 0.311 0.405
0.298 0.311 0.405
0.298 0.311 0.405
0.298 0.311 0.405
0.298 0.311 0.405
0.298 0.311 0.405
0.298 0.311 0.404
0.298 0.311 0.404
0.298 0.311 0.404
0.298 0.311 0.404
0.298 0.311 0.404
0.298 0.311 0.404
0.298 0.311 0.404
0.298 0.311 0.404
0.298 0.311 0.404
0.298 0.311 0.404
0.298 0.311 0.404
0.298 0.311 0.404
0.298 0.311 0.404
0.298 0.311 0.404
0.298 0.311 0.404
0.298 0.311 0.404
0.298 0.311 0.404
0.298 0.311 0.404
0.298 0.311 0.404
0.298 0.311 0.404
0.298 0.311 0.404
0.298 0.311 0.404
0.298 0.311 0.404
0.298 0.311 0.404
0.298 0.311 0.404
0.298 0.311 0.404
0.298 0.311 0.404
0.298 0.311 0.404
0.298 0.311 0.403
0.298 0.311 0.403
0.298 0.311 0.403
0.298 0.311 0.403
0.298 0.311 0.403
0.298 0.311 0.403
0.298 0.311 0.403
0.298 0.311 0.403
0.298 0.311 0.403
0.298 0.311 0.403
0.298 0.311 0.403
0.298 0.311 0.403
0.298 0.311 0.403
0.298 0.311 0.403
0.298 0.311 0.403
0.298 0.311 0.403
0.298 0.311 0.403
0.298 0.311 0.403
0.298 0.311 0.403
0.298 0.311 0.403
0.298 0.311 0.403
0.298 0.311 0.403
0.298 0.311 0.403
0.298 0.311 0.403
0.298 0.311 0.403
0.298 0.311 0.403
0.298 0.311 0.403
0.298 0.311 0.403
0.298 0.311 0.403
0.298 0.311 0.402
0.298 0.311 0.402
0.298 0.311 0.402
0.298 0.311 0.402
0.298 0.311 0.402
0.298 0.311 0.402
0.298 0.311 0.402
0.298 0.311 0.402
0.298 0.311 0.402
0.298 0.311 0.402
0.298 0.311 0.402
0.298 0.311 0.402
0.298 0.311 0.402
0.298 0.311 0.402
0.298 0.311 0.402
0.298 0.311 0.402
0.298 0.311 0.402
0.298 0.311 0.402
0.298 0.311 0.402
0.298 0.311 0.402
0.298 0.311 0.402
0.298 0.311 0.402
0.298 0.311 0.402
0.298 0.311 0.402
0.298 0.311 0.402
0.298 0.310 0.402
0.298 0.310 0.402
0.298 0.310 0.402
0.298 0.310 0.401
0.298 0.310 0.401
0.298 0.310 0.401
0.298 0.310 0.401
0.298 0.310 0.401
0.298 0.310 0.401
0.298 0.310 0.401
0.298 0.310 0.401
0.298 0.310 0.401
0.298 0.310 0.401
0.298 0.310 0.401
0.298 0.310 0.401
0.298 0.310 0.401
0.298 0.310 0.401
0.298 0.310 0.401
0.298 0.310 0.401
0.298 0.310 0.401
0.298 0.310 0.401
0.298 0.310 0.401
0.298 0.310 0.401
0.298 0.310 0.401
0.298 0.310 0.401
0.298 0.310 0.401
0.298 0.310 0.401
0.298 0.310 0.401
0.298 0.310 0.401
0.298 0.310 0.401
0.298 0.310 0.401
0.298 0.310 0.401
0.298 0.310 0.400
0.298 0.310 0.400
0.298 0.310 0.400
0.298 0.310 0.400
0.298 0.310 0.400
0.298 0.310 0.400
0.298 0.310 0.400
0.298 0.310 0.400
0.298 0.310 0.400
0.298 0.310 0.400
0.298 0.310 0.400
0.298 0.310 0.400
0.298 0.310 0.400
0.298 0.310 0.400
0.298 0.310 0.400
0.298 0.310 0.400
0.298 0.310 0.400
0.298 0.310 0.400
0.298 0.310 0.400
0.298 0.310 0.400
0.298 0.310 0.400
0.298 0.310 0.400
0.298 0.310 0.400
0.298 0.310 0.400
0.298 0.310 0.400
0.298 0.310 0.400
0.298 0.310 0.400
0.298 0.310 0.400
0.298 0.310 0.400
0.298 0.310 0.399
0.298 0.310 0.399
0.298 0.310 0.399
0.298 0.310 0.399
0.298 0.310 0.399
0.298 0.310 0.399
0.298 0.310 0.399
0.298 0.310 0.399
0.298 0.310 0.399
0.298 0.310 0.399
0.298 0.310 0.399
0.298 0.310 0.399
0.298 0.310 0.399
0.298 0.310 0.399
0.298 0.310 0.399
0.298 0.310 0.399
0.298 0.310 0.399
0.298 0.310 0.399
0.298 0.310 0.399
0.298 0.310 0.399
0.298 0.310 0.399
0.298 0.310 0.399
0.298 0.310 0.399
0.298 0.310 0.399
0.298 0.310 0.399
0.298 0.310 0.399
0.298 0.310 0.399
0.298 0.310 0.399
0.298 0.310 0.399
0.298 0.310 0.398
0.298 0.310 0.398
0.298 0.310 0.398
0.298 0.310 0.398
0.298 0.310 0.398
0.298 0.310 0.398
0.298 0.310 0.398
0.298 0.310 0.398
0.298 0.310 0.398
0.298 0.310 0.398
0.298 0.310 0.398
0.298 0.310 0.398
0.298 0.310 0.398
0.298 0.310 0.398
0.298 0.310 0.398
0.298 0.310 0.398
0.298 0.310 0.398
0.298 0.310 0.398
0.298 0.310 0.398
0.298 0.310 0.398
0.298 0.310 0.398
0.298 0.310 0.398
0.298 0.310 0.398
0.298 0.310 0.398
0.298 0.310 0.398
0.298 0.310 0.398
0.298 0.310 0.398
0.298 0.310 0.398
0.298 0.310 0.398
0.298 0.310 0.397
0.298 0.310 0.397
0.298 0.310 0.397
0.298 0.310 0.397
0.298 0.310 0.397
0.298 0.310 0.397
0.298 0.310 0.397
0.298 0.310 0.397
0.298 0.310 0.397
0.298 0.310 0.397
0.298 0.310 0.397
0.298 0.310 0.397
0.298 0.310 0.397
0.298 0.310 0.397
0.298 0.310 0.397
0.298 0.310 0.397
0.298 0.310 0.397
0.298 0.310 0.397
0.298 0.310 0.397
0.298 0.310 0.397
0.298 0.310 0.397
0.298 0.310 0.397
0.298 0.310 0.397
0.298 0.310 0.397
0.298 0.310 0.397
0.298 0.310 0.397
0.298 0.310 0.397
0.298 0.310 0.397
0.298 0.310 0.397
0.298 0.310 0.397
0.298 0.310 0.396
0.298 0.310 0.396
0.298 0.310 0.396
0.298 0.310 0.396
0.298 0.310 0.396
0.298 0.310 0.396
0.298 0.310 0.396
0.298 0.310 0.396
0.298 0.310 0.396
0.298 0.310 0.396
0.298 0.310 0.396
0.298 0.310 0.396
0.298 0.310 0.396
0.298 0.310 0.396
0.298 0.310 0.396
0.298 0.310 0.396
0.298 0.310 0.396
0.298 0.310 0.396
0.298 0.310 0.396
0.298 0.310 0.396
0.298 0.310 0.396
0.298 0.310 0.396
0.298 0.310 0.396
0.298 0.310 0.396
0.298 0.310 0.396
0.298 0.310 0.396
0.298 0.310 0.396
0.298 0.310 0.396
0.298 0.310 0.396
0.298 0.310 0.395
0.298 0.310 0.395
0.298 0.310 0.395
0.298 0.310 0.395
0.298 0.310 0.395
0.298 0.310 0.395
0.298 0.310 0.395
0.298 0.310 0.395
0.298 0.310 0.395
0.298 0.310 0.395
0.298 0.310 0.395
0.298 0.310 0.395
0.298 0.310 0.395
0.298 0.310 0.395
0.298 0.310 0.395
0.298 0.310 0.395
0.298 0.310 0.395
0.298 0.310 0.395
0.298 0.310 0.395
0.298 0.310 0.395
0.298 0.310 0.395
0.298 0.310 0.395
0.298 0.310 0.395
0.298 0.310 0.395
0.298 0.310 0.395
0.298 0.310 0.395
0.298 0.310 0.395
0.298 0.309 0.395
0.298 0.309 0.395
0.298 0.309 0.395
0.298 0.309 0.394
0.298 0.309 0.394
0.298 0.309 0.394
0.298 0.309 0.394
0.298 0.309 0.394
0.298 0.309 0.394
0.298 0.309 0.394
0.298 0.309 0.394
0.298 0.309 0.394
0.298 0.309 0.394
0.298 0.309 0.394
0.298 0.309 0.394
0.298 0.309 0.394
0.298 0.309 0.394
0.298 0.309 0.394
0.298 0.309 0.394
0.298 0.309 0.394
0.298 0.309 0.394
0.298 0.309 0.394
0.298 0.309 0.394
0.298 0.309 0.394
0.298 0.309 0.394
0.298 0.309 0.394
0.298 0.309 0.394
0.298 0.309 0.394
0.298 0.309 0.394
0.298 0.309 0.394
0.298 0.309 0.394
0.298 0.309 0.394
0.298 0.309 0.393
0.298 0.309 0.393
0.298 0.309 0.393
0.298 0.309 0.393
0.298 0.309 0.393
0.298 0.309 0.393
0.298 0.309 0.393
0.298 0.309 0.393
0.298 0.309 0.393
0.298 0.309 0.393
0.298 0.309 0.393
0.298 0.309 0.393
0.298 0.309 0.393
0.298 0.309 0.393
0.298 0.309 0.393
0.298 0.309 0.393
0.298 0.309 0.393
0.298 0.309 0.393
0.298 0.309 0.393
0.298 0.309 0.393
0.298 0.309 0.393
0.298 0.309 0.393
0.298 0.309 0.393
0.298 0.309 0.393
0.298 0.309 0.393
0.298 0.309 0.393
0.298 0.309 0.393
0.298 0.309 0.393
0.298 0.309 0.393
0.298 0.309 0.393
0.298 0.309 0.392
0.298 0.309 0.392
0.298 0.309 0.392
0.298 0.309 0.392
0.298 0.309 0.392
0.298 0.309 0.392
0.298 0.309 0.392
0.298 0.309 0.392
0.298 0.309 0.392
0.298 0.309 0.392
0.298 0.309 0.392
0.298 0.309 0.392
0.298 0.309 0.392
0.298 0.309 0.392
0.298 0.309 0.392
0.298 0.309 0.392
0.298 0.309 0.392
0.298 0.309 0.392
0.298 0.309 0.392
0.298 0.309 0.392
0.298 0.309 0.392
0.298 0.309 0.392
0.298 0.309 0.392
0.298 0.309 0.392
0.298 0.309 0.392
0.298 0.309 0.392
0.298 0.309 0.392
0.298 0.309 0.392
0.298 0.309 0.392
0.298 0.309 0.392
0.298 0.309 0.391
0.298 0.309 0.391
0.298 0.309 0.391
0.298 0.309 0.391
0.298 0.309 0.391
0.298 0.309 0.391
0.298 0.309 0.391
0.298 0.309 0.391
0.298 0.309 0.391
0.298 0.309 0.391
0.298 0.309 0.391
0.298 0.309 0.391
0.298 0.309 0.391
0.298 0.309 0.391
0.298 0.309 0.391
0.298 0.309 0.391
0.298 0.309 0.391
0.298 0.309 0.391
0.298 0.309 0.391
0.298 0.309 0.391
0.298 0.309 0.391
0.298 0.309 0.391
0.298 0.309 0.391
0.298 0.309 0.391
0.298 0.309 0.391
0.298 0.309 0.391
0.298 0.309 0.391
0.298 0.309 0.391
0.298 0.309 0.391
0.298 0.309 0.391
0.298 0.309 0.391
0.298 0.309 0.390
0.298 0.309 0.390
0.298 0.309 0.390
0.298 0.309 0.390
0.298 0.309 0.390
0.298 0.309 0.390
0.298 0.309 0.390
0.298 0.309 0.390
0.298 0.309 0.390
0.298 0.309 0.390
0.298 0.309 0.390
0.298 0.309 0.390
0.298 0.309 0.390
0.298 0.309 0.390
0.298 0.309 0.390
0.298 0.309 0.390
0.298 0.309 0.390
0.298 0.309 0.390
0.298 0.309 0.390
0.298 0.309 0.390
0.298 0.309 0.390
0.298 0.309 0.390
0.298 0.309 0.390
0.298 0.309 0.390
0.298 0.309 0.390
0.298 0.309 0.390
0.298 0.309 0.390
0.298 0.309 0.390
0.298 0.309 0.390
0.298 0.309 0.390
0.298 0.309 0.389
0.298 0.309 0.389
0.298 0.309 0.389
0.298 0.309 0.389
0.298 0.309 0.389
0.298 0.309 0.389
0.298 0.309 0.389
0.298 0.309 0.389
0.298 0.309 0.389
0.298 0.309 0.389
0.298 0.309 0.389
0.298 0.309 0.389
0.298 0.309 0.389
0.298 0.309 0.389
0.298 0.309 0.389
0.298 0.309 0.389
0.298 0.309 0.389
0.298 0.309 0.389
0.298 0.309 0.389
0.298 0.309 0.389
0.298 0.309 0.389
0.298 0.309 0.389
0.298 0.309 0.389
0.298 0.309 0.389
0.298 0.309 0.389
0.298 0.309 0.389
0.298 0.309 0.389
0.298 0.309 0.389
0.298 0.309 0.389
0.298 0.309 0.389
0.298 0.309 0.389
0.298 0.309 0.388
0.298 0.309 0.388
0.298 0.309 0.388
0.298 0.309 0.388
0.298 0.309 0.388
0.298 0.309 0.388
0.298 0.309 0.388
0.298 0.309 0.388
0.298 0.309 0.388
0.298 0.309 0.388
0.298 0.309 0.388
0.298 0.309 0.388
0.298 0.309 0.388
0.298 0.309 0.388
0.298 0.309 0.388
0.298 0.309 0.388
0.298 0.309 0.388
0.298 0.309 0.388
0.298 0.309 0.388
0.298 0.309 0.388
0.298 0.309 0.388
0.298 0.309 0.388
0.298 0.309 0.388
0.298 0.309 0.388
0.298 0.309 0.388
0.298 0.309 0.388
0.298 0.309 0.388
0.298 0.309 0.388
0.298 0.309 0.388
0.298 0.309 0.388
0.298 0.309 0.388
0.298 0.309 0.387
0.298 0.309 0.387
0.298 0.309 0.387
0.298 0.309 0.387
0.298 0.309 0.387
0.298 0.309 0.387
0.298 0.309 0.387
0.298 0.309 0.387
0.298 0.309 0.387
0.298 0.309 0.387
0.298 0.309 0.387
0.298 0.309 0.387
0.298 0.309 0.387
0.298 0.309 0.387
0.298 0.309 0.387
0.298 0.309 0.387
0.298 0.309 0.387
0.298 0.309 0.387
0.298 0.309 0.387
0.298 0.309 0.387
0.298 0.309 0.387
0.298 0.309 0.387
0.298 0.309 0.387
0.298 0.309 0.387
0.298 0.309 0.387
0.298 0.309 0.387
0.298 0.309 0.387
0.298 0.309 0.387
0.298 0.309 0.387
0.298 0.309 0.387
0.298 0.309 0.387
0.298 0.309 0.386
0.298 0.309 0.386
0.298 0.309 0.386
0.298 0.309 0.386
0.298 0.309 0.386
0.298 0.309 0.386
0.298 0.309 0.386
0.298 0.309 0.386
0.298 0.309 0.386
0.298 0.309 0.386
0.298 0.309 0.386
0.298 0.309 0.386
0.298 0.309 0.386
0.298 0.309 0.386
0.298 0.309 0.386
0.298 0.309 0.386
0.298 0.309 0.386
0.298 0.309 0.386
0.298 0.309 0.386
0.298 0.309 0.386
0.298 0.308 0.386
0.298 0.308 0.386
0.298 0.308 0.386
0.298 0.308 0.386
0.298 0.308 0.386
0.298 0.308 0.386
0.298 0.308 0.386
0.298 0.308 0.386
0.298 0.308 0.386
0.298 0.308 0.386
0.298 0.308 0.386
0.298 0.308 0.385
0.298 0.308 0.385
0.298 0.308 0.385
0.298 0.308 0.385
0.298 0.308 0.385
0.298 0.308 0.385
0.298 0.308 0.385
0.298 0.308 0.385
0.298 0.308 0.385
0.298 0.308 0.385
0.298 0.308 0.385
0.298 0.308 0.385
0.298 0.308 0.385
0.298 0.308 0.385
0.298 0.308 0.385
0.298 0.308 0.385
0.298 0.308 0.385
0.298 0.308 0.385
0.298 0.308 0.385
0.298 0.308 0.385
0.298 0.308 0.385
0.298 0.308 0.385
0.298 0.308 0.385
0.298 0.308 0.385
0.298 0.308 0.385
0.298 0.308 0.385
0.298 0.308 0.385
0.298 0.308 0.385
0.298 0.308 0.385
0.298 0.308 0.385
0.298 0.308 0.385
0.298 0.308 0.385
0.298 0.308 0.384
0.298 0.308 0.384
0.298 0.308 0.384
0.298 0.308 0.384
0.298 0.308 0.384
0.298 0.308 0.384
0.298 0.308 0.384
0.298 0.308 0.384
0.298 0.308 0.384
0.298 0.308 0.384
0.298 0.308 0.384
0.298 0.308 0.384
0.298 0.308 0.384
0.298 0.308 0.384
0.298 0.308 0.384
0.298 0.308 0.384
0.298 0.308 0.384
0.298 0.308 0.384
0.298 0.308 0.384
0.298 0.308 0.384
0.298 0.308 0.384
0.298 0.308 0.384
0.298 0.308 0.384
0.298 0.308 0.384
0.298 0.308 0.384
0.298 0.308 0.384
0.298 0.308 0.384
0.298 0.308 0.384
0.298 0.308 0.384
0.298 0.308 0.384
0.298 0.308 0.384
0.298 0.308 0.384
0.298 0.308 0.383
0.298 0.308 0.383
0.298 0.308 0.383
0.298 0.308 0.383
0.298 0.308 0.383
0.298 0.308 0.383
0.298 0.308 0.383
0.298 0.308 0.383
0.298 0.308 0.383
0.298 0.308 0.383
0.298 0.308 0.383
0.298 0.308 0.383
0.298 0.308 0.383
0.298 0.308 0.383
0.298 0.308 0.383
0.298 0.308 0.383
0.298 0.308 0.383
0.298 0.308 0.383
0.298 0.308 0.383
0.298 0.308 0.383
0.298 0.308 0.383
0.298 0.308 0.383
0.298 0.308 0.383
0.298 0.308 0.383
0.298 0.308 0.383
0.298 0.308 0.383
0.298 0.308 0.383
0.298 0.308 0.383
0.298 0.308 0.383
0.298 0.308 0.383
0.298 0.308 0.383
0.298 0.308 0.383
0.298 0.308 0.382
0.298 0.308 0.382
0.298 0.308 0.382
0.298 0.308 0.382
0.298 0.308 0.382
0.298 0.308 0.382
0.298 0.308 0.382
0.298 0.308 0.382
0.298 0.308 0.382
0.298 0.308 0.382
0.298 0.308 0.382
0.298 0.308 0.382
0.298 0.308 0.382
0.298 0.308 0.382
0.298 0.308 0.382
0.298 0.308 0.382
0.298 0.308 0.382
0.298 0.308 0.382
0.298 0.308 0.382
0.298 0.308 0.382
0.298 0.308 0.382
0.298 0.308 0.382
0.298 0.308 0.382
0.298 0.308 0.382
0.298 0.308 0.382
0.298 0.308 0.382
0.298 0.308 0.382
0.298 0.308 0.382
0.298 0.308 0.382
0.298 0.308 0.382
0.298 0.308 0.382
0.298 0.308 0.382
0.298 0.308 0.381
0.298 0.308 0.381
0.298 0.308 0.381
0.298 0.308 0.381
0.298 0.308 0.381
0.298 0.308 0.381
0.298 0.308 0.381
0.298 0.308 0.381
0.298 0.308 0.381
0.298 0.308 0.381
0.298 0.308 0.381
0.298 0.308 0.381
0.298 0.308 0.381
0.298 0.308 0.381
0.298 0.308 0.381
0.298 0.308 0.381
0.298 0.308 0.381
0.298 0.308 0.381
0.298 0.308 0.381
0.298 0.308 0.381
0.298 0.308 0.381
0.298 0.308 0.381
0.298 0.308 0.381
0.298 0.308 0.381
0.298 0.308 0.381
0.298 0.308 0.381
0.298 0.308 0.381
0.298 0.308 0.381
0.298 0.308 0.381
0.298 0.308 0.381
0.298 0.308 0.381
0.298 0.308 0.381
0.298 0.308 0.381
0.298 0.308 0.380
0.298 0.308 0.380
0.298 0.308 0.380
0.298 0.308 0.380
0.298 0.308 0.380
0.298 0.308 0.380
0.298 0.308 0.380
0.298 0.308 0.380
0.298 0.308 0.380
0.298 0.308 0.380
0.298 0.308 0.380
0.298 0.308 0.380
0.298 0.308 0.380
0.298 0.308 0.380
0.298 0.308 0.380
0.298 0.308 0.380
0.298 0.308 0.380
0.298 0.308 0.380
0.298 0.308 0.380
0.298 0.308 0.380
0.298 0.308 0.380
0.298 0.308 0.380
0.298 0.308 0.380
0.298 0.308 0.380
0.298 0.308 0.380
0.298 0.308 0.380
0.298 0.308 0.380
0.298 0.308 0.380
0.298 0.308 0.380
0.298 0.308 0.380
0.298 0.308 0.380
0.298 0.308 0.380
0.298 0.308 0.380
0.298 0.308 0.379
0.298 0.308 0.379
0.298 0.308 0.379
0.298 0.308 0.379
0.298 0.308 0.379
0.298 0.308 0.379
0.298 0.308 0.379
0.298 0.308 0.379
0.298 0.308 0.379
0.298 0.308 0.379
0.298 0.308 0.379
0.298 0.308 0.379
0.298 0.308 0.379
0.298 0.308 0.379
0.298 0.308 0.379
0.298 0.308 0.379
0.298 0.308 0.379
0.298 0.308 0.379
0.298 0.308 0.379
0.298 0.308 0.379
0.298 0.308 0.379
0.298 0.308 0.379
0.298 0.308 0.379
0.298 0.308 0.379
0.298 0.308 0.379
0.298 0.308 0.379
0.298 0.308 0.379
0.298 0.308 0.379
0.298 0.308 0.379
0.298 0.308 0.379
0.298 0.308 0.379
0.298 0.308 0.379
0.298 0.308 0.379
0.298 0.308 0.378
0.298 0.308 0.378
0.298 0.308 0.378
0.298 0.308 0.378
0.298 0.308 0.378
0.298 0.308 0.378
0.298 0.308 0.378
0.298 0.308 0.378
0.298 0.308 0.378
0.298 0.308 0.378
0.298 0.308 0.378
0.298 0.308 0.378
0.298 0.308 0.378
0.298 0.308 0.378
0.298 0.308 0.378
0.298 0.308 0.378
0.298 0.308 0.378
0.298 0.308 0.378
0.298 0.308 0.378
0.298 0.308 0.378
0.298 0.308 0.378
0.298 0.308 0.378
0.298 0.308 0.378
0.298 0.308 0.378
0.298 0.308 0.378
0.298 0.308 0.378
0.298 0.308 0.378
0.298 0.308 0.378
0.298 0.308 0.378
0.298 0.308 0.378
0.298 0.308 0.378
0.298 0.308 0.378
0.298 0.308 0.378
0.298 0.308 0.377
0.298 0.308 0.377
0.298 0.308 0.377
0.298 0.308 0.377
0.298 0.308 0.377
0.298 0.308 0.377
0.298 0.308 0.377
0.298 0.308 0.377
0.298 0.308 0.377
0.298 0.308 0.377
0.298 0.308 0.377
0.298 0.308 0.377
0.298 0.308 0.377
0.298 0.308 0.377
0.298 0.308 0.377
0.298 0.308 0.377
0.298 0.308 0.377
0.298 0.308 0.377
0.298 0.308 0.377
0.298 0.308 0.377
0.298 0.308 0.377
0.298 0.308 0.377
0.298 0.308 0.377
0.298 0.308 0.377
0.298 0.308 0.377
0.298 0.308 0.377
0.298 0.308 0.377
0.298 0.308 0.377
0.298 0.308 0.377
0.298 0.308 0.377
0.298 0.308 0.377
0.298 0.308 0.377
0.298 0.308 0.377
0.298 0.308 0.377
0.298 0.308 0.376
0.298 0.308 0.376
0.298 0.308 0.376
0.298 0.308 0.376
0.298 0.308 0.376
0.298 0.308 0.376
0.298 0.308 0.376
0.298 0.308 0.376
0.298 0.308 0.376
0.298 0.308 0.376
0.298 0.308 0.376
0.298 0.308 0.376
0.298 0.308 0.376
0.298 0.308 0.376
0.298 0.308 0.376
0.298 0.308 0.376
0.298 0.308 0.376
0.298 0.308 0.376
0.298 0.308 0.376
0.298 0.308 0.376
0.298 0.308 0.376
0.298 0.308 0.376
0.298 0.308 0.376
0.298 0.308 0.376
0.298 0.308 0.376
0.298 0.308 0.376
0.298 0.308 0.376
0.298 0.308 0.376
0.298 0.308 0.376
0.298 0.308 0.376
0.298 0.308 0.376
0.298 0.308 0.376
0.298 0.308 0.376
0.298 0.308 0.376
0.298 0.308 0.375
0.298 0.308 0.375
0.298 0.308 0.375
0.298 0.308 0.375
0.298 0.308 0.375
0.298 0.308 0.375
0.298 0.308 0.375
0.298 0.308 0.375
0.298 0.308 0.375
0.298 0.308 0.375
0.298 0.308 0.375
0.298 0.308 0.375
0.298 0.308 0.375
0.298 0.308 0.375
0.298 0.308 0.375
0.298 0.308 0.375
0.298 0.308 0.375
0.298 0.308 0.375
0.298 0.308 0.375
0.298 0.308 0.375
0.298 0.308 0.375
0.298 0.308 0.375
0.298 0.308 0.375
0.298 0.308 0.375
0.298 0.308 0.375
0.298 0.308 0.375
0.298 0.308 0.375
0.298 0.308 0.375
0.298 0.308 0.375
0.298 0.308 0.375
0.298 0.308 0.375
0.298 0.308 0.375
0.298 0.308 0.375
0.298 0.308 0.375
0.298 0.308 0.375
0.298 0.308 0.374
0.298 0.308 0.374
0.298 0.308 0.374
0.298 0.308 0.374
0.298 0.308 0.374
0.298 0.308 0.374
0.298 0.308 0.374
0.298 0.308 0.374
0.298 0.308 0.374
0.298 0.308 0.374
0.298 0.308 0.374
0.298 0.308 0.374
0.298 0.308 0.374
0.298 0.308 0.374
0.298 0.308 0.374
0.298 0.308 0.374
0.298 0.308 0.374
0.298 0.308 0.374
0.298 0.308 0.374
0.298 0.308 0.374
0.298 0.308 0.374
0.298 0.308 0.374
0.298 0.308 0.374
0.298 0.308 0.374
0.298 0.308 0.374
0.298 0.308 0.374
0.298 0.308 0.374
0.298 0.308 0.374
0.298 0.308 0.374
0.298 0.308 0.374
0.298 0.308 0.374
0.298 0.308 0.374
0.298 0.308 0.374
0.298 0.308 0.374
0.298 0.308 0.374
0.298 0.308 0.373
0.298 0.308 0.373
0.298 0.308 0.373
0.298 0.308 0.373
0.298 0.308 0.373
0.298 0.308 0.373
0.298 0.308 0.373
0.298 0.308 0.373
0.298 0.308 0.373
0.298 0.308 0.373
0.298 0.308 0.373
0.298 0.308 0.373
0.298 0.308 0.373
0.298 0.308 0.373
0.298 0.308 0.373
0.298 0.308 0.373
0.298 0.308 0.373
0.298 0.308 0.373
0.298 0.308 0.373
0.298 0.308 0.373
0.298 0.308 0.373
0.298 0.308 0.373
0.298 0.308 0.373
0.298 0.308 0.373
0.298 0.308 0.373
0.298 0.308 0.373
0.298 0.308 0.373
0.298 0.308 0.373
0.298 0.308 0.373
0.298 0.308 0.373
0.298 0.308 0.373
0.298 0.308 0.373
0.298 0.308 0.373
0.298 0.308 0.373
0.298 0.308 0.373
0.298 0.308 0.372
0.298 0.308 0.372
0.298 0.308 0.372
0.298 0.308 0.372
0.298 0.308 0.372
0.298 0.308 0.372
0.298 0.308 0.372
0.298 0.308 0.372
0.298 0.308 0.372
0.298 0.308 0.372
0.298 0.308 0.372
0.298 0.308 0.372
0.298 0.308 0.372
0.298 0.308 0.372
0.298 0.308 0.372
0.298 0.308 0.372
0.298 0.308 0.372
0.298 0.308 0.372
0.298 0.308 0.372
0.298 0.308 0.372
0.298 0.308 0.372
0.298 0.308 0.372
0.298 0.308 0.372
0.298 0.308 0.372
0.298 0.308 0.372
0.298 0.308 0.372
0.298 0.308 0.372
0.298 0.308 0.372
0.298 0.308 0.372
0.298 0.308 0.372
0.298 0.308 0.372
0.298 0.308 0.372
0.298 0.308 0.372
0.298 0.308 0.372
0.298 0.308 0.372
0.298 0.308 0.372
0.298 0.308 0.371
0.298 0.308 0.371
0.298 0.308 0.371
0.298 0.308 0.371
0.298 0.308 0.371
0.298 0.308 0.371
0.298 0.308 0.371
0.298 0.308 0.371
0.298 0.308 0.371
0.298 0.308 0.371
0.298 0.308 0.371
0.298 0.308 0.371
0.298 0.308 0.371
0.298 0.308 0.371
0.298 0.308 0.371
0.298 0.308 0.371
0.298 0.308 0.371
0.298 0.308 0.371
0.298 0.308 0.371
0.298 0.308 0.371
0.298 0.308 0.371
0.298 0.308 0.371
0.298 0.308 0.371
0.298 0.308 0.371
0.298 0.308 0.371
0.298 0.308 0.371
0.298 0.308 0.371
0.298 0.308 0.371
0.298 0.308 0.371
0.298 0.308 0.371
0.298 0.308 0.371
0.298 0.308 0.371
0.298 0.308 0.371
0.298 0.308 0.371
0.298 0.308 0.371
0.298 0.308 0.371
0.298 0.308 0.370
0.298 0.308 0.370
0.298 0.308 0.370
0.298 0.308 0.370
0.298 0.308 0.370
0.298 0.308 0.370
0.298 0.308 0.370
0.298 0.308 0.370
0.298 0.308 0.370
0.298 0.307 0.370
0.298 0.307 0.370
0.298 0.307 0.370
0.298 0.307 0.370
0.298 0.307 0.370
0.298 0.307 0.370
0.298 0.307 0.370
0.298 0.307 0.370
0.298 0.307 0.370
0.298 0.307 0.370
0.298 0.307 0.370
0.298 0.307 0.370
0.298 0.307 0.370
0.298 0.307 0.370
0.298 0.307 0.370
0.298 0.307 0.370
0.298 0.307 0.370
0.298 0.307 0.370
0.298 0.307 0.370
0.298 0.307 0.370
0.298 0.307 0.370
0.298 0.307 0.370
0.298 0.307 0.370
0.298 0.307 0.370
0.298 0.307 0.370
0.298 0.307 0.370
0.298 0.307 0.370
0.298 0.307 0.369
0.298 0.307 0.369
0.298 0.307 0.369
0.298 0.307 0.369
0.298 0.307 0.369
0.298 0.307 0.369
0.298 0.307 0.369
0.298 0.307 0.369
0.298 0.307 0.369
0.298 0.307 0.369
0.298 0.307 0.369
0.298 0.307 0.369
0.298 0.307 0.369
0.298 0.307 0.369
0.298 0.307 0.369
0.298 0.307 0.369
0.298 0.307 0.369
0.298 0.307 0.369
0.298 0.307 0.369
0.298 0.307 0.369
0.298 0.307 0.369
0.298 0.307 0.369
0.298 0.307 0.369
0.298 0.307 0.369
0.298 0.307 0.369
0.298 0.307 0.369
0.298 0.307 0.369
0.298 0.307 0.369
0.298 0.307 0.369
0.298 0.307 0.369
0.298 0.307 0.369
0.298 0.307 0.369
0.298 0.307 0.369
0.298 0.307 0.369
0.298 0.307 0.369
0.298 0.307 0.369
0.298 0.307 0.369
0.298 0.307 0.368
0.298 0.307 0.368
0.298 0.307 0.368
0.298 0.307 0.368
0.298 0.307 0.368
0.298 0.307 0.368
0.298 0.307 0.368
0.298 0.307 0.368
0.298 0.307 0.368
0.298 0.307 0.368
0.298 0.307 0.368
0.298 0.307 0.368
0.298 0.307 0.368
0.298 0.307 0.368
0.298 0.307 0.368
0.298 0.307 0.368
0.298 0.307 0.368
0.298 0.307 0.368
0.298 0.307 0.368
0.298 0.307 0.368
0.298 0.307 0.368
0.298 0.307 0.368
0.298 0.307 0.368
0.298 0.307 0.368
0.298 0.307 0.368
0.298 0.307 0.368
0.298 0.307 0.368
0.298 0.307 0.368
0.298 0.307 0.368
0.298 0.307 0.368
0.298 0.307 0.368
0.298 0.307 0.368
0.298 0.307 0.368
0.298 0.307 0.368
0.298 0.307 0.368
0.298 0.307 0.368
0.298 0.307 0.368
0.298 0.307 0.368
0.298 0.307 0.367
0.298 0.307 0.367
0.298 0.307 0.367
0.298 0.307 0.367
0.298 0.307 0.367
0.298 0.307 0.367
0.298 0.307 0.367
0.298 0.307 0.367
0.298 0.307 0.367
0.298 0.307 0.367
0.298 0.307 0.367
0.298 0.307 0.367
0.298 0.307 0.367
0.298 0.307 0.367
0.298 0.307 0.367
0.298 0.307 0.367
0.298 0.307 0.367
0.298 0.307 0.367
0.298 0.307 0.367
0.298 0.307 0.367
0.298 0.307 0.367
0.298 0.307 0.367
0.298 0.307 0.367
0.298 0.307 0.367
0.298 0.307 0.367
0.298 0.307 0.367
0.298 0.307 0.367
0.298 0.307 0.367
0.298 0.307 0.367
0.298 0.307 0.367
0.298 0.307 0.367
0.298 0.307 0.367
0.298 0.307 0.367
0.298 0.307 0.367
0.298 0.307 0.367
0.298 0.307 0.367
0.298 0.307 0.367
0.298 0.307 0.366
0.298 0.307 0.366
0.298 0.307 0.366
0.298 0.307 0.366
0.298 0.307 0.366
0.298 0.307 0.366
0.298 0.307 0.366
0.298 0.307 0.366
0.298 0.307 0.366
0.298 0.307 0.366
0.298 0.307 0.366
0.298 0.307 0.366
0.298 0.307 0.366
0.298 0.307 0.366
0.298 0.307 0.366
0.298 0.307 0.366
0.298 0.307 0.366
0.298 0.307 0.366
0.298 0.307 0.366
0.298 0.307 0.366
0.298 0.307 0.366
0.298 0.307 0.366
0.298 0.307 0.366
0.298 0.307 0.366
0.298 0.307 0.366
0.298 0.307 0.366
0.298 0.307 0.366
0.298 0.307 0.366
0.298 0.307 0.366
0.298 0.307 0.366
0.298 0.307 0.366
0.298 0.307 0.366
0.298 0.307 0.366
0.298 0.307 0.366
0.298 0.307 0.366
0.298 0.307 0.366
0.298 0.307 0.366
0.298 0.307 0.366
0.298 0.307 0.366
0.298 0.307 0.365
0.298 0.307 0.365
0.298 0.307 0.365
0.298 0.307 0.365
0.298 0.307 0.365
0.298 0.307 0.365
0.298 0.307 0.365
0.298 0.307 0.365
0.298 0.307 0.365
0.298 0.307 0.365
0.298 0.307 0.365
0.298 0.307 0.365
0.298 0.307 0.365
0.298 0.307 0.365
0.298 0.307 0.365
0.298 0.307 0.365
0.298 0.307 0.365
0.298 0.307 0.365
0.298 0.307 0.365
0.298 0.307 0.365
0.298 0.307 0.365
0.298 0.307 0.365
0.298 0.307 0.365
0.298 0.307 0.365
0.298 0.307 0.365
0.298 0.307 0.365
0.298 0.307 0.365
0.298 0.307 0.365
0.298 0.307 0.365
0.298 0.307 0.365
0.298 0.307 0.365
0.298 0.307 0.365
0.298 0.307 0.365
0.298 0.307 0.365
0.298 0.307 0.365
0.298 0.307 0.365
0.298 0.307 0.365
0.298 0.307 0.365
0.298 0.307 0.365
0.298 0.307 0.364
0.298 0.307 0.364
0.298 0.307 0.364
0.298 0.307 0.364
0.298 0.307 0.364
0.298 0.307 0.364
0.298 0.307 0.364
0.298 0.307 0.364
0.298 0.307 0.364
0.298 0.307 0.364
0.298 0.307 0.364
0.298 0.307 0.364
0.298 0.307 0.364
0.298 0.307 0.364
0.298 0.307 0.364
0.298 0.307 0.364
0.298 0.307 0.364
0.298 0.307 0.364
0.298 0.307 0.364
0.298 0.307 0.364
0.298 0.307 0.364
0.298 0.307 0.364
0.298 0.307 0.364
0.298 0.307 0.364
0.298 0.307 0.364
0.298 0.307 0.364
0.298 0.307 0.364
0.298 0.307 0.364
0.298 0.307 0.364
0.298 0.307 0.364
0.298 0.307 0.364
0.298 0.307 0.364
0.298 0.307 0.364
0.298 0.307 0.364
0.298 0.307 0.364
0.298 0.307 0.364
0.298 0.307 0.364
0.298 0.307 0.364
0.298 0.307 0.364
0.298 0.307 0.363
0.298 0.307 0.363
0.298 0.307 0.363
0.298 0.307 0.363
0.298 0.307 0.363
0.298 0.307 0.363
0.298 0.307 0.363
0.298 0.307 0.363
0.298 0.307 0.363
0.298 0.307 0.363
0.298 0.307 0.363
0.298 0.307 0.363
0.298 0.307 0.363
0.298 0.307 0.363
0.298 0.307 0.363
0.298 0.307 0.363
0.298 0.307 0.363
0.298 0.307 0.363
0.298 0.307 0.363
0.298 0.307 0.363
0.298 0.307 0.363
0.298 0.307 0.363
0.298 0.307 0.363
0.298 0.307 0.363
0.298 0.307 0.363
0.298 0.307 0.363
0.298 0.307 0.363
0.298 0.307 0.363
0.298 0.307 0.363
0.298 0.307 0.363
0.298 0.307 0.363
0.298 0.307 0.363
0.298 0.307 0.363
0.298 0.307 0.363
0.298 0.307 0.363
0.298 0.307 0.363
0.298 0.307 0.363
0.298 0.307 0.363
0.298 0.307 0.363
0.298 0.307 0.363
0.298 0.307 0.362
0.298 0.307 0.362
0.298 0.307 0.362
0.298 0.307 0.362
0.298 0.307 0.362
0.298 0.307 0.362
0.298 0.307 0.362
0.298 0.307 0.362
0.298 0.307 0.362
0.298 0.307 0.362
0.298 0.307 0.362
0.298 0.307 0.362
0.298 0.307 0.362
0.298 0.307 0.362
0.298 0.307 0.362
0.298 0.307 0.362
0.298 0.307 0.362
0.298 0.307 0.362
0.298 0.307 0.362
0.298 0.307 0.362
0.298 0.307 0.362
0.298 0.307 0.362
0.298 0.307 0.362
0.298 0.308 0.362
0.298 0.308 0.362
0.298 0.308 0.362
0.298 0.308 0.362
0.298 0.308 0.362
0.298 0.308 0.362
0.298 0.308 0.362
0.298 0.308 0.362
0.298 0.308 0.362
0.298 0.308 0.362
0.298 0.308 0.362
0.298 0.308 0.362
0.298 0.308 0.362
0.298 0.308 0.362
0.298 0.308 0.362
0.298 0.308 0.362
0.298 0.308 0.362
0.298 0.308 0.362
0.298 0.308 0.361
0.298 0.308 0.361
0.298 0.308 0.361
0.298 0.308 0.361
0.298 0.308 0.361
0.298 0.308 0.361
0.298 0.308 0.361
0.298 0.308 0.361
0.298 0.308 0.361
0.298 0.308 0.361
0.298 0.308 0.361
0.298 0.308 0.361
0.298 0.308 0.361
0.298 0.308 0.361
0.298 0.308 0.361
0.298 0.308 0.361
0.298 0.308 0.361
0.298 0.308 0.361
0.298 0.308 0.361
0.298 0.308 0.361
0.298 0.308 0.361
0.298 0.308 0.361
0.298 0.308 0.361
0.298 0.308 0.361
0.298 0.308 0.361
0.298 0.308 0.361
0.298 0.308 0.361
0.298 0.308 0.361
0.298 0.308 0.361
0.298 0.308 0.361
0.298 0.308 0.361
0.298 0.308 0.361
0.298 0.308 0.361
0.298 0.308 0.361
0.298 0.308 0.361
0.298 0.308 0.361
0.298 0.308 0.361
0.298 0.308 0.361
0.298 0.308 0.361
0.298 0.308 0.361
0.298 0.308 0.361
0.298 0.308 0.360
0.298 0.308 0.360
0.298 0.308 0.360
0.298 0.308 0.360
0.298 0.308 0.360
0.298 0.308 0.360
0.298 0.308 0.360
0.298 0.308 0.360
0.298 0.308 0.360
0.298 0.308 0.360
0.298 0.308 0.360
0.298 0.308 0.360
0.298 0.308 0.360
0.298 0.308 0.360
0.298 0.308 0.360
0.298 0.308 0.360
0.298 0.308 0.360
0.298 0.308 0.360
0.298 0.308 0.360
0.298 0.308 0.360
0.298 0.308 0.360
0.298 0.308 0.360
0.298 0.308 0.360
0.298 0.308 0.360
0.298 0.308 0.360
0.298 0.308 0.360
0.298 0.308 0.360
0.298 0.308 0.360
0.298 0.308 0.360
0.298 0.308 0.360
0.298 0.308 0.360
0.298 0.308 0.360
0.298 0.308 0.360
0.298 0.308 0.360
0.298 0.308 0.360
0.298 0.308 0.360
0.298 0.308 0.360
0.298 0.308 0.360
0.298 0.308 0.360
0.298 0.308 0.360
0.298 0.308 0.360
0.298 0.308 0.360
0.298 0.308 0.359
0.298 0.308 0.359
0.298 0.308 0.359
0.298 0.308 0.359
0.298 0.308 0.359
0.298 0.308 0.359
0.298 0.308 0.359
0.298 0.308 0.359
0.298 0.308 0.359
0.298 0.308 0.359
0.298 0.308 0.359
0.298 0.308 0.359
0.298 0.308 0.359
0.298 0.308 0.359
0.298 0.308 0.359
0.298 0.308 0.359
0.298 0.308 0.359
0.298 0.308 0.359
0.298 0.308 0.359
0.298 0.308 0.359
0.298 0.308 0.359
0.298 0.308 0.359
0.298 0.308 0.359
0.298 0.308 0.359
0.298 0.308 0.359
0.298 0.308 0.359
0.298 0.308 0.359
0.298 0.308 0.359
0.298 0.308 0.359
0.298 0.308 0.359
0.298 0.308 0.359
0.298 0.308 0.359
0.298 0.308 0.359
0.298 0.308 0.359
0.298 0.308 0.359
0.298 0.308 0.359
0.298 0.308 0.359
0.298 0.308 0.359
0.298 0.308 0.359
0.298 0.308 0.359
0.298 0.308 0.359
0.298 0.308 0.359
0.298 0.308 0.359
0.298 0.308 0.358
0.298 0.308 0.358
0.298 0.308 0.358
0.298 0.308 0.358
0.298 0.308 0.358
0.298 0.308 0.358
0.298 0.308 0.358
0.298 0.308 0.358
0.298 0.308 0.358
0.298 0.308 0.358
0.298 0.308 0.358
0.298 0.308 0.358
0.298 0.308 0.358
0.298 0.308 0.358
0.298 0.308 0.358
0.298 0.308 0.358
0.298 0.308 0.358
0.298 0.308 0.358
0.298 0.308 0.358
0.298 0.308 0.358
0.298 0.308 0.358
0.298 0.308 0.358
0.298 0.308 0.358
0.298 0.308 0.358
0.298 0.308 0.358
0.298 0.308 0.358
0.298 0.308 0.358
0.298 0.308 0.358
0.298 0.308 0.358
0.298 0.308 0.358
0.298 0.308 0.358
0.298 0.308 0.358
0.298 0.308 0.358
0.298 0.308 0.358
0.298 0.308 0.358
0.298 0.308 0.358
0.298 0.308 0.358
0.298 0.308 0.358
0.298 0.308 0.358
0.298 0.308 0.358
0.298 0.308 0.358
0.298 0.308 0.358
0.298 0.308 0.358
0.298 0.308 0.357
0.298 0.308 0.357
0.298 0.308 0.357
0.298 0.308 0.357
0.298 0.308 0.357
0.298 0.308 0.357
0.298 0.308 0.357
0.298 0.308 0.357
0.298 0.308 0.357
0.298 0.308 0.357
0.298 0.308 0.357
0.298 0.308 0.357
0.298 0.308 0.357
0.298 0.308 0.357
0.298 0.308 0.357
0.298 0.308 0.357
0.298 0.308 0.357
0.298 0.308 0.357
0.298 0.308 0.357
0.298 0.308 0.357
0.298 0.308 0.357
0.298 0.308 0.357
0.298 0.308 0.357
0.298 0.308 0.357
0.298 0.308 0.357
0.298 0.308 0.357
0.298 0.308 0.357
0.298 0.308 0.357
0.298 0.308 0.357
0.298 0.308 0.357
0.298 0.308 0.357
0.298 0.308 0.357
0.298 0.308 0.357
0.298 0.308 0.357
0.298 0.308 0.357
0.298 0.308 0.357
0.298 0.308 0.357
0.298 0.308 0.357
0.298 0.308 0.357
0.298 0.308 0.357
0.298 0.308 0.357
0.298 0.308 0.357
0.298 0.308 0.357
0.298 0.308 0.357
0.298 0.308 0.357
0.298 0.308 0.356
0.298 0.308 0.356
0.298 0.308 0.356
0.298 0.308 0.356
0.298 0.308 0.356
0.298 0.308 0.356
0.298 0.308 0.356
0.298 0.308 0.356
0.298 0.308 0.356
0.298 0.308 0.356
0.298 0.308 0.356
0.298 0.308 0.356
0.298 0.308 0.356
0.298 0.308 0.356
0.298 0.308 0.356
0.298 0.308 0.356
0.298 0.308 0.356
0.298 0.308 0.356
0.298 0.308 0.356
0.298 0.308 0.356
0.298 0.308 0.356
0.298 0.308 0.356
0.298 0.308 0.356
0.298 0.308 0.356
0.298 0.308 0.356
0.298 0.308 0.356
0.298 0.308 0.356
0.298 0.308 0.356
0.298 0.308 0.356
0.298 0.308 0.356
0.298 0.308 0.356
0.298 0.308 0.356
0.298 0.308 0.356
0.298 0.308 0.356
0.298 0.308 0.356
0.298 0.308 0.356
0.298 0.308 0.356
0.298 0.308 0.356
0.298 0.308 0.356
0.298 0.308 0.356
0.298 0.308 0.356
0.298 0.308 0.356
0.298 0.308 0.356
0.298 0.308 0.356
0.298 0.308 0.356
0.298 0.308 0.355
0.298 0.308 0.355
0.298 0.308 0.355
0.298 0.308 0.355
0.298 0.308 0.355
0.298 0.308 0.355
0.298 0.308 0.355
0.298 0.308 0.355
0.298 0.308 0.355
0.298 0.308 0.355
0.298 0.308 0.355
0.298 0.308 0.355
0.298 0.308 0.355
0.298 0.308 0.355
0.298 0.308 0.355
0.298 0.308 0.355
0.298 0.308 0.355
0.298 0.308 0.355
0.298 0.308 0.355
0.298 0.308 0.355
0.298 0.308 0.355
0.298 0.308 0.355
0.298 0.308 0.355
0.298 0.308 0.355
0.298 0.308 0.355
0.298 0.308 0.355
0.298 0.308 0.355
0.298 0.308 0.355
0.298 0.308 0.355
0.298 0.308 0.355
0.298 0.308 0.355
0.298 0.308 0.355
0.298 0.308 0.355
0.298 0.308 0.355
0.298 0.308 0.355
0.298 0.308 0.355
0.298 0.308 0.355
0.298 0.308 0.355
0.298 0.308 0.355
0.298 0.308 0.355
0.298 0.308 0.355
0.298 0.308 0.355
0.298 0.308 0.355
0.298 0.308 0.355
0.298 0.308 0.355
0.298 0.308 0.355
0.298 0.308 0.354
0.298 0.308 0.354
0.298 0.308 0.354
0.298 0.308 0.354
0.298 0.308 0.354
0.298 0.308 0.354
0.298 0.308 0.354
0.298 0.308 0.354
0.298 0.308 0.354
0.298 0.308 0.354
0.298 0.308 0.354
0.298 0.308 0.354
0.298 0.308 0.354
0.298 0.308 0.354
0.298 0.308 0.354
0.298 0.308 0.354
0.298 0.308 0.354
0.298 0.308 0.354
0.298 0.308 0.354
0.298 0.308 0.354
0.298 0.308 0.354
0.298 0.308 0.354
0.298 0.308 0.354
0.298 0.308 0.354
0.298 0.308 0.354
0.298 0.308 0.354
0.298 0.308 0.354
0.298 0.308 0.354
0.298 0.308 0.354
0.298 0.308 0.354
0.298 0.308 0.354
0.298 0.308 0.354
0.298 0.308 0.354
0.298 0.308 0.354
0.298 0.308 0.354
0.298 0.308 0.354
0.298 0.308 0.354
0.298 0.308 0.354
0.298 0.308 0.354
0.298 0.308 0.354
0.298 0.308 0.354
0.298 0.308 0.354
0.298 0.308 0.354
0.298 0.308 0.354
0.298 0.308 0.354
0.298 0.308 0.354
0.298 0.308 0.353
0.298 0.308 0.353
0.298 0.308 0.353
0.298 0.308 0.353
0.298 0.308 0.353
0.298 0.308 0.353
0.298 0.308 0.353
0.298 0.308 0.353
0.298 0.308 0.353
0.298 0.308 0.353
0.298 0.308 0.353
0.298 0.308 0.353
0.298 0.308 0.353
0.298 0.308 0.353
0.298 0.308 0.353
0.298 0.308 0.353
0.298 0.308 0.353
0.298 0.308 0.353
0.298 0.308 0.353
0.298 0.308 0.353
0.298 0.308 0.353
0.298 0.308 0.353
0.298 0.308 0.353
0.298 0.308 0.353
0.298 0.308 0.353
0.298 0.308 0.353
0.298 0.308 0.353
0.298 0.308 0.353
0.298 0.308 0.353
0.298 0.308 0.353
0.298 0.308 0.353
0.298 0.308 0.353
0.298 0.308 0.353
0.298 0.308 0.353
