0.000 1.000 0.000 0.002
0.000 1.000 0.000 0.002
0.000 1.000 0.000 0.002
0.000 1.000 0.000 0.002
0.000 1.000 0.000 0.002
0.000 1.000 0.000 0.002
0.000 1.000 0.000 0.002
0.000 1.000 0.000 0.002
0.000 1.000 0.000 0.002
0.000 1.000 0.000 0.002
0.000 1.000 0.000 0.002
0.000 1.000 0.000 0.002
0.000 1.000 0.000 0.002
0.000 1.000 0.000 0.002
0.000 1.000 0.000 0.002
0.000 1.000 0.000 0.002
0.000 1.000 0.000 0.002
-0.000 1.000 0.000 0.002
-0.000 1.000 0.000 0.002
-0.000 1.000 0.000 0.002
-0.000 1.000 0.000 0.002
-0.000 1.000 0.000 0.002
-0.000 1.000 0.000 0.002
-0.000 1.000 0.000 0.002
-0.000 1.000 0.000 0.002
-0.000 1.000 0.000 0.002
-0.000 1.000 0.000 0.002
-0.000 1.000 0.000 0.002
-0.000 1.000 0.000 0.002
-0.000 1.000 0.000 0.002
-0.000 1.000 0.000 0.002
-0.000 1.000 0.000 0.002
-0.000 1.000 0.000 0.002
-0.000 1.000 0.000 0.002
-0.000 1.000 0.000 0.002
-0.000 1.000 0.000 0.002
-0.000 1.000 0.000 0.002
-0.000 1.000 0.000 0.002
-0.000 1.000 0.000 0.002
-0.000 1.000 0.000 0.002
-0.000 1.000 0.000 0.002
-0.000 1.000 0.000 0.002
-0.000 1.000 0.000 0.002
-0.000 1.000 0.000 0.002
-0.000 1.000 0.000 0.002
-0.000 1.000 0.000 0.002
-0.000 1.000 0.000 0.002
-0.000 1.000 0.000 0.002
-0.000 1.000 0.000 0.002
-0.000 1.000 0.000 0.002
-0.000 1.000 0.000 0.002
-0.000 1.000 0.000 0.002
-0.000 1.000 0.000 0.002
-0.000 1.000 0.001 0.002
-0.000 1.000 0.001 0.002
-0.000 1.000 0.001 0.002
-0.000 1.000 0.001 0.002
-0.000 1.000 0.001 0.002
-0.000 1.000 0.001 0.002
-0.000 1.000 0.001 0.002
-0.000 1.000 0.001 0.002
-0.000 1.000 0.001 0.002
-0.000 1.000 0.001 0.002
-0.000 1.000 0.001 0.002
-0.000 1.000 0.001 0.002
-0.000 1.000 0.001 0.002
-0.000 1.000 0.001 0.002
-0.000 1.000 0.001 0.002
-0.000 1.000 0.001 0.002
-0.000 1.000 0.001 0.002
-0.000 1.000 0.001 0.002
-0.000 1.000 0.001 0.002
-0.000 1.000 0.001 0.002
-0.000 1.000 0.001 0.002
-0.000 1.000 0.001 0.002
-0.000 1.000 0.001 0.002
-0.000 1.000 0.001 0.002
-0.000 1.000 0.001 0.002
-0.000 1.000 0.001 0.002
-0.000 1.000 0.001 0.002
-0.000 1.000 0.001 0.002
-0.000 1.000 0.001 0.002
-0.000 1.000 0.001 0.002
-0.000 1.000 0.001 0.002
-0.000 1.000 0.001 0.003
-0.000 1.000 0.001 0.003
-0.000 1.000 0.001 0.003
-0.000 1.000 0.001 0.003
-0.000 1.000 0.001 0.003
-0.000 1.000 0.001 0.003
-0.000 1.000 0.001 0.003
-0.000 1.000 0.001 0.003
-0.000 1.000 0.001 0.003
-0.000 1.000 0.001 0.003
-0.000 1.000 0.001 0.003
-0.000 1.000 0.001 0.003
-0.000 1.000 0.001 0.003
-0.000 1.000 0.001 0.003
-0.000 1.000 0.001 0.003
-0.000 1.000 0.001 0.003
-0.000 1.000 0.001 0.003
-0.000 1.000 0.001 0.003
-0.000 1.000 0.001 0.003
-0.000 1.000 0.001 0.003
-0.000 1.000 0.001 0.003
-0.000 1.000 0.001 0.003
-0.000 1.000 0.001 0.003
-0.000 1.000 0.001 0.003
-0.000 1.000 0.001 0.003
-0.000 1.000 0.001 0.003
-0.000 1.000 0.001 0.003
-0.000 1.000 0.001 0.003
-0.000 1.000 0.001 0.003
-0.000 1.000 0.001 0.003
-0.000 1.000 0.001 0.003
-0.000 1.000 0.001 0.003
-0.000 1.000 0.001 0.003
-0.000 1.000 0.001 0.003
-0.000 1.000 0.001 0.003
-0.000 1.000 0.001 0.003
-0.000 1.000 0.001 0.003
-0.000 1.000 0.001 0.003
-0.000 1.000 0.001 0.003
-0.000 1.000 0.001 0.003
-0.000 1.000 0.001 0.003
-0.000 1.000 0.001 0.003
-0.000 1.000 0.001 0.003
-0.000 1.000 0.001 0.003
-0.000 1.000 0.001 0.003
-0.000 1.000 0.001 0.003
-0.000 1.000 0.001 0.003
-0.000 1.000 0.001 0.003
-0.000 1.000 0.001 0.003
-0.000 1.000 0.001 0.003
-0.000 1.000 0.001 0.003
-0.000 1.000 0.001 0.003
-0.000 1.000 0.001 0.003
-0.000 1.000 0.001 0.003
-0.000 1.000 0.001 0.003
-0.000 1.000 0.001 0.003
-0.000 1.000 0.001 0.003
-0.000 1.000 0.001 0.003
-0.000 1.000 0.001 0.003
-0.000 1.000 0.001 0.003
-0.000 1.000 0.001 0.003
-0.000 1.000 0.001 0.003
-0.000 1.000 0.001 0.003
-0.000 1.000 0.001 0.003
-0.000 1.000 0.001 0.003
-0.000 1.000 0.001 0.003
-0.000 1.000 0.001 0.003
-0.000 1.000 0.001 0.003
-0.000 1.000 0.001 0.003
-0.000 1.000 0.001 0.003
-0.000 1.000 0.001 0.003
-0.000 1.000 0.001 0.003
-0.000 1.000 0.001 0.003
-0.000 1.000 0.001 0.003
-0.000 1.000 0.001 0.003
-0.000 1.000 0.001 0.003
-0.000 1.000 0.001 0.003
-0.000 1.000 0.001 0.003
-0.000 1.000 0.001 0.003
-0.000 1.000 0.001 0.003
-0.000 1.000 0.001 0.003
-0.000 1.000 0.001 0.003
-0.000 1.000 0.001 0.003
-0.000 1.000 0.001 0.003
-0.000 1.000 0.002 0.003
-0.000 1.000 0.002 0.003
-0.000 1.000 0.002 0.003
-0.000 1.000 0.002 0.003
-0.000 1.000 0.002 0.003
-0.000 1.000 0.002 0.003
-0.000 1.000 0.002 0.003
-0.000 1.000 0.002 0.003
-0.000 1.000 0.002 0.003
-0.000 1.000 0.002 0.003
-0.000 1.000 0.002 0.003
-0.000 1.000 0.002 0.003
-0.000 1.000 0.002 0.003
-0.000 1.000 0.002 0.003
-0.000 1.000 0.002 0.003
-0.000 1.000 0.002 0.003
-0.000 1.000 0.002 0.003
-0.000 1.000 0.002 0.003
-0.000 1.000 0.002 0.003
-0.000 1.000 0.002 0.003
-0.000 1.000 0.002 0.003
-0.000 1.000 0.002 0.003
-0.000 1.000 0.002 0.003
-0.000 1.000 0.002 0.003
-0.000 1.000 0.002 0.003
-0.000 1.000 0.002 0.003
-0.000 1.000 0.002 0.003
-0.000 1.000 0.002 0.003
-0.000 1.000 0.002 0.003
-0.000 1.000 0.002 0.003
-0.000 1.000 0.002 0.003
-0.000 1.000 0.002 0.003
-0.000 1.000 0.002 0.003
-0.000 1.000 0.002 0.003
-0.000 1.000 0.002 0.003
-0.000 1.000 0.002 0.003
-0.000 1.000 0.002 0.003
-0.000 1.000 0.002 0.003
-0.000 1.000 0.002 0.003
-0.000 1.000 0.002 0.003
-0.000 1.000 0.002 0.003
-0.000 1.000 0.002 0.003
-0.000 1.000 0.002 0.003
-0.000 1.000 0.002 0.003
-0.000 1.000 0.002 0.003
-0.000 1.000 0.002 0.003
-0.000 1.000 0.002 0.003
-0.000 1.000 0.002 0.003
-0.000 1.000 0.002 0.003
-0.000 1.000 0.002 0.003
-0.000 1.000 0.002 0.003
-0.000 1.000 0.002 0.003
-0.000 1.000 0.002 0.003
-0.000 1.000 0.002 0.003
-0.000 1.000 0.002 0.003
-0.000 1.000 0.002 0.003
-0.000 1.000 0.002 0.003
-0.000 1.000 0.002 0.004
-0.000 1.000 0.002 0.004
-0.000 1.000 0.002 0.004
-0.000 1.000 0.002 0.004
-0.000 1.000 0.002 0.004
-0.000 1.000 0.002 0.004
-0.000 1.000 0.002 0.004
-0.000 1.000 0.002 0.004
-0.000 1.000 0.002 0.004
-0.000 1.000 0.002 0.004
-0.000 1.000 0.002 0.004
-0.000 1.000 0.002 0.004
-0.000 1.000 0.002 0.004
-0.000 1.000 0.002 0.004
-0.000 1.000 0.002 0.004
-0.000 1.000 0.002 0.004
-0.000 1.000 0.002 0.004
-0.000 1.000 0.002 0.004
-0.000 1.000 0.002 0.004
-0.000 1.000 0.002 0.004
-0.000 1.000 0.002 0.004
-0.000 1.000 0.002 0.004
-0.000 1.000 0.002 0.004
-0.000 1.000 0.002 0.004
-0.000 1.000 0.002 0.004
-0.001 1.000 0.002 0.004
-0.001 1.000 0.002 0.004
-0.001 1.000 0.002 0.004
-0.001 1.000 0.002 0.004
-0.001 1.000 0.002 0.004
-0.001 1.000 0.002 0.004
-0.001 1.000 0.002 0.004
-0.001 1.000 0.002 0.004
-0.001 1.000 0.002 0.004
-0.001 1.000 0.002 0.004
-0.001 1.000 0.002 0.004
-0.001 1.000 0.002 0.004
-0.001 1.000 0.002 0.004
-0.001 1.000 0.002 0.004
-0.001 1.000 0.002 0.004
-0.001 1.000 0.002 0.004
-0.001 1.000 0.002 0.004
-0.001 1.000 0.002 0.004
-0.001 1.000 0.003 0.004
-0.001 1.000 0.003 0.004
-0.001 1.000 0.003 0.004
-0.001 1.000 0.003 0.004
-0.001 1.000 0.003 0.004
-0.001 1.000 0.003 0.004
-0.001 1.000 0.003 0.004
-0.001 1.000 0.003 0.004
-0.001 1.000 0.003 0.004
-0.001 1.000 0.003 0.004
-0.001 1.000 0.003 0.004
-0.001 1.000 0.003 0.004
-0.001 1.000 0.003 0.004
-0.001 1.000 0.003 0.004
-0.001 1.000 0.003 0.004
-0.001 1.000 0.003 0.004
-0.001 1.000 0.003 0.004
-0.001 1.000 0.003 0.004
-0.001 1.000 0.003 0.004
-0.001 1.000 0.003 0.004
-0.001 1.000 0.003 0.004
-0.001 1.000 0.003 0.004
-0.001 1.000 0.003 0.004
-0.001 1.000 0.003 0.004
-0.001 1.000 0.003 0.004
-0.001 1.000 0.003 0.004
-0.001 1.000 0.003 0.004
-0.001 1.000 0.003 0.004
-0.001 1.000 0.003 0.004
-0.001 1.000 0.003 0.004
-0.001 1.000 0.003 0.004
-0.001 1.000 0.003 0.004
-0.001 1.000 0.003 0.004
-0.001 1.000 0.003 0.004
-0.001 1.000 0.003 0.004
-0.001 1.000 0.003 0.004
-0.001 1.000 0.003 0.004
-0.001 1.000 0.003 0.004
-0.001 1.000 0.003 0.004
-0.001 1.000 0.003 0.004
-0.001 1.000 0.003 0.004
-0.001 1.000 0.003 0.004
-0.001 1.000 0.003 0.004
-0.001 1.000 0.003 0.004
-0.001 1.000 0.003 0.004
-0.001 1.000 0.003 0.004
-0.001 1.000 0.003 0.004
-0.001 1.000 0.003 0.004
-0.001 1.000 0.003 0.004
-0.001 1.000 0.003 0.004
-0.001 1.000 0.003 0.004
-0.001 1.000 0.003 0.004
-0.001 1.000 0.003 0.004
-0.001 1.000 0.003 0.004
-0.001 1.000 0.003 0.004
-0.001 1.000 0.003 0.004
-0.001 1.000 0.003 0.004
-0.001 1.000 0.003 0.004
-0.001 1.000 0.003 0.004
-0.001 1.000 0.003 0.004
-0.001 1.000 0.003 0.004
-0.001 1.000 0.003 0.004
-0.001 1.000 0.003 0.004
-0.001 1.000 0.003 0.004
-0.001 1.000 0.003 0.004
-0.001 1.000 0.003 0.004
-0.001 1.000 0.003 0.004
-0.001 1.000 0.003 0.004
-0.001 1.000 0.003 0.004
-0.001 1.000 0.003 0.005
-0.001 1.000 0.003 0.005
-0.001 1.000 0.003 0.005
-0.001 1.000 0.003 0.005
-0.001 1.000 0.003 0.005
-0.001 1.000 0.003 0.005
-0.001 1.000 0.003 0.005
-0.001 1.000 0.003 0.005
-0.001 1.000 0.003 0.005
-0.001 1.000 0.003 0.005
-0.001 1.000 0.003 0.005
-0.001 1.000 0.003 0.005
-0.001 1.000 0.003 0.005
-0.001 1.000 0.003 0.005
-0.001 1.000 0.003 0.005
-0.001 1.000 0.003 0.005
-0.001 1.000 0.003 0.005
-0.001 1.000 0.004 0.005
-0.001 1.000 0.004 0.005
-0.001 1.000 0.004 0.005
-0.001 1.000 0.004 0.005
-0.001 1.000 0.004 0.005
-0.001 1.000 0.004 0.005
-0.001 1.000 0.004 0.005
-0.001 1.000 0.004 0.005
-0.001 1.000 0.004 0.005
-0.001 1.000 0.004 0.005
-0.001 1.000 0.004 0.005
-0.001 1.000 0.004 0.005
-0.001 1.000 0.004 0.005
-0.001 1.000 0.004 0.005
-0.001 1.000 0.004 0.005
-0.001 1.000 0.004 0.005
-0.001 1.000 0.004 0.005
-0.001 1.000 0.004 0.005
-0.001 1.000 0.004 0.005
-0.001 1.000 0.004 0.005
-0.001 1.000 0.004 0.005
-0.001 1.000 0.004 0.005
-0.001 1.000 0.004 0.005
-0.001 1.000 0.004 0.005
-0.001 1.000 0.004 0.005
-0.001 1.000 0.004 0.005
-0.001 1.000 0.004 0.005
-0.001 1.000 0.004 0.005
-0.001 1.000 0.004 0.005
-0.001 1.000 0.004 0.005
-0.001 1.000 0.004 0.005
-0.001 1.000 0.004 0.005
-0.001 1.000 0.004 0.005
-0.001 1.000 0.004 0.005
-0.001 1.000 0.004 0.005
-0.001 1.000 0.004 0.005
-0.001 1.000 0.004 0.005
-0.001 1.000 0.004 0.005
-0.001 1.000 0.004 0.005
-0.001 1.000 0.004 0.005
-0.001 1.000 0.004 0.005
-0.001 1.000 0.004 0.005
-0.001 1.000 0.004 0.005
-0.001 1.000 0.004 0.005
-0.001 1.000 0.004 0.005
-0.001 1.000 0.004 0.005
-0.001 1.000 0.004 0.005
-0.001 1.000 0.004 0.005
-0.001 1.000 0.004 0.005
-0.001 1.000 0.004 0.005
-0.001 1.000 0.004 0.005
-0.001 1.000 0.004 0.005
-0.001 1.000 0.004 0.005
-0.001 1.000 0.004 0.005
-0.001 1.000 0.004 0.005
-0.001 1.000 0.004 0.005
-0.001 1.000 0.004 0.005
-0.001 1.000 0.004 0.005
-0.001 1.000 0.004 0.005
-0.001 1.000 0.004 0.005
-0.001 1.000 0.004 0.005
-0.001 1.000 0.004 0.005
-0.001 1.000 0.004 0.005
-0.001 1.000 0.004 0.005
-0.002 1.000 0.004 0.005
-0.002 1.000 0.004 0.005
-0.002 1.000 0.004 0.005
-0.002 1.000 0.004 0.005
-0.002 1.000 0.004 0.005
-0.002 1.000 0.004 0.005
-0.002 1.000 0.004 0.005
-0.002 1.000 0.004 0.005
-0.002 1.000 0.004 0.005
-0.002 1.000 0.004 0.005
-0.002 1.000 0.004 0.005
-0.002 1.000 0.004 0.005
-0.002 1.000 0.005 0.005
-0.002 1.000 0.005 0.005
-0.002 1.000 0.005 0.005
-0.002 1.000 0.005 0.005
-0.002 1.000 0.005 0.005
-0.002 1.000 0.005 0.005
-0.002 1.000 0.005 0.006
-0.002 1.000 0.005 0.006
-0.002 1.000 0.005 0.006
-0.002 1.000 0.005 0.006
-0.002 1.000 0.005 0.006
-0.002 1.000 0.005 0.006
-0.002 1.000 0.005 0.006
-0.002 1.000 0.005 0.006
-0.002 1.000 0.005 0.006
-0.002 1.000 0.005 0.006
-0.002 1.000 0.005 0.006
-0.002 1.000 0.005 0.006
-0.002 1.000 0.005 0.006
-0.002 1.000 0.005 0.006
-0.002 1.000 0.005 0.006
-0.002 1.000 0.005 0.006
-0.002 1.000 0.005 0.006
-0.002 1.000 0.005 0.006
-0.002 1.000 0.005 0.006
-0.002 1.000 0.005 0.006
-0.002 1.000 0.005 0.006
-0.002 1.000 0.005 0.006
-0.002 1.000 0.005 0.006
-0.002 1.000 0.005 0.006
-0.002 1.000 0.005 0.006
-0.002 1.000 0.005 0.006
-0.002 1.000 0.005 0.006
-0.002 1.000 0.005 0.006
-0.002 1.000 0.005 0.006
-0.002 1.000 0.005 0.006
-0.002 1.000 0.005 0.006
-0.002 1.000 0.005 0.006
-0.002 1.000 0.005 0.006
-0.002 1.000 0.005 0.006
-0.002 1.000 0.005 0.006
-0.002 1.000 0.005 0.006
-0.002 1.000 0.005 0.006
-0.002 1.000 0.005 0.006
-0.002 1.000 0.005 0.006
-0.002 1.000 0.005 0.006
-0.002 1.000 0.005 0.006
-0.002 1.000 0.005 0.006
-0.002 1.000 0.005 0.006
-0.002 1.000 0.005 0.006
-0.002 1.000 0.005 0.006
-0.002 1.000 0.005 0.006
-0.002 1.000 0.005 0.006
-0.002 1.000 0.005 0.006
-0.002 1.000 0.005 0.006
-0.002 1.000 0.005 0.006
-0.002 1.000 0.005 0.006
-0.002 1.000 0.005 0.006
-0.002 1.000 0.005 0.006
-0.002 1.000 0.005 0.006
-0.002 1.000 0.005 0.006
-0.002 1.000 0.005 0.006
-0.002 1.000 0.005 0.006
-0.002 1.000 0.005 0.006
-0.002 1.000 0.005 0.006
-0.002 1.000 0.005 0.006
-0.002 1.000 0.005 0.006
-0.002 1.000 0.006 0.006
-0.002 1.000 0.006 0.006
-0.002 1.000 0.006 0.006
-0.002 1.000 0.006 0.006
-0.002 1.000 0.006 0.006
-0.002 1.000 0.006 0.006
-0.002 1.000 0.006 0.006
-0.002 1.000 0.006 0.006
-0.002 1.000 0.006 0.006
-0.002 1.000 0.006 0.006
-0.002 1.000 0.006 0.006
-0.002 1.000 0.006 0.006
-0.002 1.000 0.006 0.006
-0.002 1.000 0.006 0.006
-0.002 1.000 0.006 0.006
-0.002 1.000 0.006 0.006
-0.003 1.000 0.006 0.006
-0.003 1.000 0.006 0.006
-0.003 1.000 0.006 0.006
-0.003 1.000 0.006 0.006
-0.003 1.000 0.006 0.006
-0.003 1.000 0.006 0.006
-0.003 1.000 0.006 0.006
-0.003 1.000 0.006 0.006
-0.003 1.000 0.006 0.006
-0.003 1.000 0.006 0.006
-0.003 1.000 0.006 0.006
-0.003 1.000 0.006 0.006
-0.003 1.000 0.006 0.007
-0.003 1.000 0.006 0.007
-0.003 1.000 0.006 0.007
-0.003 1.000 0.006 0.007
-0.003 1.000 0.006 0.007
-0.003 1.000 0.006 0.007
-0.003 1.000 0.006 0.007
-0.003 1.000 0.006 0.007
-0.003 1.000 0.006 0.007
-0.003 1.000 0.006 0.007
-0.003 1.000 0.006 0.007
-0.003 1.000 0.006 0.007
-0.003 1.000 0.006 0.007
-0.003 1.000 0.006 0.007
-0.003 1.000 0.006 0.007
-0.003 1.000 0.006 0.007
-0.003 1.000 0.006 0.007
-0.003 1.000 0.006 0.007
-0.003 1.000 0.006 0.007
-0.003 1.000 0.006 0.007
-0.003 1.000 0.006 0.007
-0.003 1.000 0.006 0.007
-0.003 1.000 0.006 0.007
-0.003 1.000 0.006 0.007
-0.003 1.000 0.006 0.007
-0.003 1.000 0.006 0.007
-0.003 1.000 0.006 0.007
-0.003 1.000 0.006 0.007
-0.003 1.000 0.006 0.007
-0.003 1.000 0.006 0.007
-0.003 1.000 0.006 0.007
-0.003 1.000 0.006 0.007
-0.003 1.000 0.006 0.007
-0.003 1.000 0.007 0.007
-0.003 1.000 0.007 0.007
-0.003 1.000 0.007 0.007
-0.003 1.000 0.007 0.007
-0.003 1.000 0.007 0.007
-0.003 1.000 0.007 0.007
-0.003 1.000 0.007 0.007
-0.003 1.000 0.007 0.007
-0.003 1.000 0.007 0.007
-0.003 1.000 0.007 0.007
-0.003 1.000 0.007 0.007
-0.003 1.000 0.007 0.007
-0.003 1.000 0.007 0.007
-0.003 1.000 0.007 0.007
-0.003 1.000 0.007 0.007
-0.003 1.000 0.007 0.007
-0.003 1.000 0.007 0.007
-0.003 1.000 0.007 0.007
-0.003 1.000 0.007 0.007
-0.003 1.000 0.007 0.007
-0.003 1.000 0.007 0.007
-0.003 1.000 0.007 0.007
-0.003 1.000 0.007 0.007
-0.003 1.000 0.007 0.007
-0.003 1.000 0.007 0.007
-0.003 1.000 0.007 0.007
-0.003 1.000 0.007 0.007
-0.004 1.000 0.007 0.007
-0.004 1.000 0.007 0.007
-0.004 1.000 0.007 0.007
-0.004 1.000 0.007 0.007
-0.004 1.000 0.007 0.007
-0.004 1.000 0.007 0.007
-0.004 1.000 0.007 0.007
-0.004 1.000 0.007 0.007
-0.004 1.000 0.007 0.007
-0.004 1.000 0.007 0.007
-0.004 1.000 0.007 0.007
-0.004 1.000 0.007 0.007
-0.004 1.000 0.007 0.007
-0.004 1.000 0.007 0.007
-0.004 1.000 0.007 0.007
-0.004 1.000 0.007 0.007
-0.004 1.000 0.007 0.007
-0.004 1.000 0.007 0.007
-0.004 1.000 0.007 0.007
-0.004 1.000 0.007 0.007
-0.004 1.000 0.007 0.007
-0.004 1.000 0.007 0.007
-0.004 1.000 0.007 0.007
-0.004 1.000 0.007 0.007
-0.004 1.000 0.007 0.008
-0.004 1.000 0.007 0.008
-0.004 1.000 0.007 0.008
-0.004 1.000 0.007 0.008
-0.004 1.000 0.008 0.008
-0.004 1.000 0.008 0.008
-0.004 1.000 0.008 0.008
-0.004 1.000 0.008 0.008
-0.004 1.000 0.008 0.008
-0.004 1.000 0.008 0.008
-0.004 1.000 0.008 0.008
-0.004 1.000 0.008 0.008
-0.004 1.000 0.008 0.008
-0.004 1.000 0.008 0.008
-0.004 1.000 0.008 0.008
-0.004 1.000 0.008 0.008
-0.004 1.000 0.008 0.008
-0.004 1.000 0.008 0.008
-0.004 1.000 0.008 0.008
-0.004 1.000 0.008 0.008
-0.004 1.000 0.008 0.008
-0.004 1.000 0.008 0.008
-0.004 1.000 0.008 0.008
-0.004 1.000 0.008 0.008
-0.004 1.000 0.008 0.008
-0.004 1.000 0.008 0.008
-0.004 1.000 0.008 0.008
-0.004 1.000 0.008 0.008
-0.004 1.000 0.008 0.008
-0.004 1.000 0.008 0.008
-0.004 1.000 0.008 0.008
-0.004 1.000 0.008 0.008
-0.004 1.000 0.008 0.008
-0.004 1.000 0.008 0.008
-0.005 1.000 0.008 0.008
-0.005 1.000 0.008 0.008
-0.005 1.000 0.008 0.008
-0.005 1.000 0.008 0.008
-0.005 1.000 0.008 0.008
-0.005 1.000 0.008 0.008
-0.005 1.000 0.008 0.008
-0.005 1.000 0.008 0.008
-0.005 1.000 0.008 0.008
-0.005 1.000 0.008 0.008
-0.005 1.000 0.008 0.008
-0.005 1.000 0.008 0.008
-0.005 1.000 0.008 0.008
-0.005 1.000 0.008 0.008
-0.005 1.000 0.008 0.008
-0.005 1.000 0.008 0.008
-0.005 1.000 0.008 0.008
-0.005 1.000 0.008 0.008
-0.005 1.000 0.008 0.008
-0.005 1.000 0.008 0.008
-0.005 1.000 0.008 0.008
-0.005 1.000 0.008 0.008
-0.005 1.000 0.009 0.008
-0.005 1.000 0.009 0.008
-0.005 1.000 0.009 0.008
-0.005 1.000 0.009 0.008
-0.005 1.000 0.009 0.008
-0.005 1.000 0.009 0.008
-0.005 1.000 0.009 0.008
-0.005 1.000 0.009 0.008
-0.005 1.000 0.009 0.008
-0.005 1.000 0.009 0.008
-0.005 1.000 0.009 0.008
-0.005 1.000 0.009 0.008
-0.005 1.000 0.009 0.008
-0.005 1.000 0.009 0.008
-0.005 1.000 0.009 0.008
-0.005 1.000 0.009 0.008
-0.005 1.000 0.009 0.008
-0.005 1.000 0.009 0.008
-0.005 1.000 0.009 0.008
-0.005 1.000 0.009 0.008
-0.005 1.000 0.009 0.008
-0.005 1.000 0.009 0.008
-0.005 1.000 0.009 0.008
-0.005 1.000 0.009 0.008
-0.005 1.000 0.009 0.009
-0.005 1.000 0.009 0.009
-0.005 1.000 0.009 0.009
-0.005 1.000 0.009 0.009
-0.005 1.000 0.009 0.009
-0.006 1.000 0.009 0.009
-0.006 1.000 0.009 0.009
-0.006 1.000 0.009 0.009
-0.006 1.000 0.009 0.009
-0.006 1.000 0.009 0.009
-0.006 1.000 0.009 0.009
-0.006 1.000 0.009 0.009
-0.006 1.000 0.009 0.009
-0.006 1.000 0.009 0.009
-0.006 1.000 0.009 0.009
-0.006 1.000 0.009 0.009
-0.006 1.000 0.009 0.009
-0.006 1.000 0.009 0.009
-0.006 1.000 0.009 0.009
-0.006 1.000 0.009 0.009
-0.006 1.000 0.009 0.009
-0.006 1.000 0.009 0.009
-0.006 1.000 0.009 0.009
-0.006 1.000 0.009 0.009
-0.006 1.000 0.010 0.009
-0.006 1.000 0.010 0.009
-0.006 1.000 0.010 0.009
-0.006 1.000 0.010 0.009
-0.006 1.000 0.010 0.009
-0.006 1.000 0.010 0.009
-0.006 1.000 0.010 0.009
-0.006 1.000 0.010 0.009
-0.006 1.000 0.010 0.009
-0.006 1.000 0.010 0.009
-0.006 1.000 0.010 0.009
-0.006 1.000 0.010 0.009
-0.006 1.000 0.010 0.009
-0.006 1.000 0.010 0.009
-0.006 1.000 0.010 0.009
-0.006 1.000 0.010 0.009
-0.006 1.000 0.010 0.009
-0.006 1.000 0.010 0.009
-0.006 1.000 0.010 0.009
-0.006 1.000 0.010 0.009
-0.006 1.000 0.010 0.009
-0.006 1.000 0.010 0.009
-0.006 1.000 0.010 0.009
-0.006 1.000 0.010 0.009
-0.006 1.000 0.010 0.009
-0.006 1.000 0.010 0.009
-0.006 1.000 0.010 0.009
-0.007 1.000 0.010 0.009
-0.007 1.000 0.010 0.009
-0.007 1.000 0.010 0.009
-0.007 1.000 0.010 0.009
-0.007 1.000 0.010 0.009
-0.007 1.000 0.010 0.009
-0.007 1.000 0.010 0.009
-0.007 1.000 0.010 0.009
-0.007 1.000 0.010 0.009
-0.007 1.000 0.010 0.009
-0.007 1.000 0.010 0.009
-0.007 1.000 0.010 0.009
-0.007 1.000 0.010 0.009
-0.007 1.000 0.010 0.009
-0.007 1.000 0.010 0.009
-0.007 1.000 0.010 0.009
-0.007 1.000 0.010 0.009
-0.007 1.000 0.010 0.009
-0.007 1.000 0.010 0.009
-0.007 1.000 0.011 0.009
-0.007 1.000 0.011 0.009
-0.007 1.000 0.011 0.009
-0.007 1.000 0.011 0.009
-0.007 1.000 0.011 0.009
-0.007 1.000 0.011 0.009
-0.007 1.000 0.011 0.009
-0.007 1.000 0.011 0.009
-0.007 1.000 0.011 0.010
-0.007 1.000 0.011 0.010
-0.007 1.000 0.011 0.010
-0.007 1.000 0.011 0.010
-0.007 1.000 0.011 0.010
-0.007 1.000 0.011 0.010
-0.007 1.000 0.011 0.010
-0.007 1.000 0.011 0.010
-0.007 1.000 0.011 0.010
-0.007 1.000 0.011 0.010
-0.007 1.000 0.011 0.010
-0.007 1.000 0.011 0.010
-0.007 1.000 0.011 0.010
-0.007 1.000 0.011 0.010
-0.008 1.000 0.011 0.010
-0.008 1.000 0.011 0.010
-0.008 1.000 0.011 0.010
-0.008 1.000 0.011 0.010
-0.008 1.000 0.011 0.010
-0.008 1.000 0.011 0.010
-0.008 1.000 0.011 0.010
-0.008 1.000 0.011 0.010
-0.008 1.000 0.011 0.010
-0.008 1.000 0.011 0.010
-0.008 1.000 0.011 0.010
-0.008 1.000 0.011 0.010
-0.008 1.000 0.011 0.010
-0.008 1.000 0.011 0.010
-0.008 1.000 0.011 0.010
-0.008 1.000 0.011 0.010
-0.008 1.000 0.011 0.010
-0.008 1.000 0.011 0.010
-0.008 1.000 0.011 0.010
-0.008 1.000 0.011 0.010
-0.008 1.000 0.011 0.010
-0.008 1.000 0.011 0.010
-0.008 1.000 0.012 0.010
-0.008 1.000 0.012 0.010
-0.008 1.000 0.012 0.010
-0.008 1.000 0.012 0.010
-0.008 1.000 0.012 0.010
-0.008 1.000 0.012 0.010
-0.008 1.000 0.012 0.010
-0.008 1.000 0.012 0.010
-0.008 1.000 0.012 0.010
-0.008 1.000 0.012 0.010
-0.008 1.000 0.012 0.010
-0.008 1.000 0.012 0.010
-0.008 1.000 0.012 0.010
-0.008 1.000 0.012 0.010
-0.008 1.000 0.012 0.010
-0.008 1.000 0.012 0.010
-0.009 1.000 0.012 0.010
-0.009 1.000 0.012 0.010
-0.009 1.000 0.012 0.010
-0.009 1.000 0.012 0.010
-0.009 1.000 0.012 0.010
-0.009 1.000 0.012 0.010
-0.009 1.000 0.012 0.010
-0.009 1.000 0.012 0.010
-0.009 1.000 0.012 0.010
-0.009 1.000 0.012 0.010
-0.009 1.000 0.012 0.010
-0.009 1.000 0.012 0.010
-0.009 1.000 0.012 0.010
-0.009 1.000 0.012 0.010
-0.009 1.000 0.012 0.010
-0.009 1.000 0.012 0.010
-0.009 1.000 0.012 0.010
-0.009 1.000 0.012 0.010
-0.009 1.000 0.012 0.010
-0.009 1.000 0.012 0.010
-0.009 1.000 0.012 0.010
-0.009 1.000 0.012 0.010
-0.009 1.000 0.012 0.010
-0.009 1.000 0.012 0.010
-0.009 1.000 0.012 0.011
-0.009 1.000 0.013 0.011
-0.009 1.000 0.013 0.011
-0.009 1.000 0.013 0.011
-0.009 1.000 0.013 0.011
-0.009 1.000 0.013 0.011
-0.009 1.000 0.013 0.011
-0.009 1.000 0.013 0.011
-0.009 1.000 0.013 0.011
-0.009 1.000 0.013 0.011
-0.009 1.000 0.013 0.011
-0.009 1.000 0.013 0.011
-0.010 1.000 0.013 0.011
-0.010 1.000 0.013 0.011
-0.010 1.000 0.013 0.011
-0.010 1.000 0.013 0.011
-0.010 1.000 0.013 0.011
-0.010 1.000 0.013 0.011
-0.010 1.000 0.013 0.011
-0.010 1.000 0.013 0.011
-0.010 1.000 0.013 0.011
-0.010 1.000 0.013 0.011
-0.010 1.000 0.013 0.011
-0.010 1.000 0.013 0.011
-0.010 1.000 0.013 0.011
-0.010 1.000 0.013 0.011
-0.010 1.000 0.013 0.011
-0.010 1.000 0.013 0.011
-0.010 1.000 0.013 0.011
-0.010 1.000 0.013 0.011
-0.010 1.000 0.013 0.011
-0.010 1.000 0.013 0.011
-0.010 1.000 0.013 0.011
-0.010 1.000 0.013 0.011
-0.010 1.000 0.013 0.011
-0.010 1.000 0.013 0.011
-0.010 1.000 0.013 0.011
-0.010 1.000 0.013 0.011
-0.010 1.000 0.013 0.011
-0.010 1.000 0.013 0.011
-0.010 1.000 0.013 0.011
-0.010 1.000 0.014 0.011
-0.010 1.000 0.014 0.011
-0.010 1.000 0.014 0.011
-0.010 1.000 0.014 0.011
-0.011 1.000 0.014 0.011
-0.011 1.000 0.014 0.011
-0.011 1.000 0.014 0.011
-0.011 1.000 0.014 0.011
-0.011 1.000 0.014 0.011
-0.011 1.000 0.014 0.011
-0.011 1.000 0.014 0.011
-0.011 1.000 0.014 0.011
-0.011 1.000 0.014 0.011
-0.011 1.000 0.014 0.011
-0.011 1.000 0.014 0.011
-0.011 1.000 0.014 0.011
-0.011 1.000 0.014 0.011
-0.011 1.000 0.014 0.011
-0.011 1.000 0.014 0.011
-0.011 1.000 0.014 0.011
-0.011 1.000 0.014 0.011
-0.011 1.000 0.014 0.011
-0.011 1.000 0.014 0.011
-0.011 1.000 0.014 0.011
-0.011 1.000 0.014 0.011
-0.011 1.000 0.014 0.011
-0.011 1.000 0.014 0.011
-0.011 1.000 0.014 0.011
-0.011 1.000 0.014 0.011
-0.011 1.000 0.014 0.011
-0.011 1.000 0.014 0.011
-0.011 1.000 0.014 0.011
-0.011 1.000 0.014 0.011
-0.011 1.000 0.014 0.012
-0.011 1.000 0.014 0.012
-0.011 1.000 0.014 0.012
-0.012 1.000 0.014 0.012
-0.012 1.000 0.014 0.012
-0.012 1.000 0.015 0.012
-0.012 1.000 0.015 0.012
-0.012 1.000 0.015 0.012
-0.012 1.000 0.015 0.012
-0.012 1.000 0.015 0.012
-0.012 1.000 0.015 0.012
-0.012 1.000 0.015 0.012
-0.012 1.000 0.015 0.012
-0.012 1.000 0.015 0.012
-0.012 1.000 0.015 0.012
-0.012 1.000 0.015 0.012
-0.012 1.000 0.015 0.012
-0.012 1.000 0.015 0.012
-0.012 1.000 0.015 0.012
-0.012 1.000 0.015 0.012
-0.012 1.000 0.015 0.012
-0.012 1.000 0.015 0.012
-0.012 1.000 0.015 0.012
-0.012 1.000 0.015 0.012
-0.012 1.000 0.015 0.012
-0.012 1.000 0.015 0.012
-0.012 1.000 0.015 0.012
-0.012 1.000 0.015 0.012
-0.012 1.000 0.015 0.012
-0.012 1.000 0.015 0.012
-0.012 1.000 0.015 0.012
-0.012 1.000 0.015 0.012
-0.012 1.000 0.015 0.012
-0.013 1.000 0.015 0.012
-0.013 1.000 0.015 0.012
-0.013 1.000 0.015 0.012
-0.013 1.000 0.015 0.012
-0.013 1.000 0.015 0.012
-0.013 1.000 0.015 0.012
-0.013 1.000 0.015 0.012
-0.013 1.000 0.015 0.012
-0.013 1.000 0.015 0.012
-0.013 1.000 0.016 0.012
-0.013 1.000 0.016 0.012
-0.013 1.000 0.016 0.012
-0.013 1.000 0.016 0.012
-0.013 1.000 0.016 0.012
-0.013 1.000 0.016 0.012
-0.013 1.000 0.016 0.012
-0.013 1.000 0.016 0.012
-0.013 1.000 0.016 0.012
-0.013 1.000 0.016 0.012
-0.013 1.000 0.016 0.012
-0.013 1.000 0.016 0.012
-0.013 1.000 0.016 0.012
-0.013 1.000 0.016 0.012
-0.013 1.000 0.016 0.012
-0.013 1.000 0.016 0.012
-0.013 1.000 0.016 0.012
-0.013 1.000 0.016 0.012
-0.013 1.000 0.016 0.012
-0.013 1.000 0.016 0.012
-0.013 1.000 0.016 0.012
-0.014 1.000 0.016 0.012
-0.014 1.000 0.016 0.012
-0.014 1.000 0.016 0.012
-0.014 1.000 0.016 0.012
-0.014 1.000 0.016 0.012
-0.014 1.000 0.016 0.012
-0.014 1.000 0.016 0.012
-0.014 1.000 0.016 0.012
-0.014 1.000 0.016 0.012
-0.014 1.000 0.016 0.012
-0.014 1.000 0.016 0.012
-0.014 1.000 0.016 0.013
-0.014 1.000 0.016 0.013
-0.014 1.000 0.016 0.013
-0.014 1.000 0.016 0.013
-0.014 1.000 0.017 0.013
-0.014 1.000 0.017 0.013
-0.014 1.000 0.017 0.013
-0.014 1.000 0.017 0.013
-0.014 1.000 0.017 0.013
-0.014 1.000 0.017 0.013
-0.014 1.000 0.017 0.013
-0.014 1.000 0.017 0.013
-0.014 1.000 0.017 0.013
-0.014 1.000 0.017 0.013
-0.014 1.000 0.017 0.013
-0.014 1.000 0.017 0.013
-0.015 1.000 0.017 0.013
-0.015 1.000 0.017 0.013
-0.015 1.000 0.017 0.013
-0.015 1.000 0.017 0.013
-0.015 1.000 0.017 0.013
-0.015 1.000 0.017 0.013
-0.015 1.000 0.017 0.013
-0.015 1.000 0.017 0.013
-0.015 1.000 0.017 0.013
-0.015 1.000 0.017 0.013
-0.015 1.000 0.017 0.013
-0.015 1.000 0.017 0.013
-0.015 1.000 0.017 0.013
-0.015 1.000 0.017 0.013
-0.015 1.000 0.017 0.013
-0.015 1.000 0.017 0.013
-0.015 1.000 0.017 0.013
-0.015 1.000 0.017 0.013
-0.015 1.000 0.017 0.013
-0.015 1.000 0.017 0.013
-0.015 1.000 0.017 0.013
-0.015 1.000 0.017 0.013
-0.015 1.000 0.017 0.013
-0.015 1.000 0.018 0.013
-0.015 1.000 0.018 0.013
-0.015 1.000 0.018 0.013
-0.015 1.000 0.018 0.013
-0.016 1.000 0.018 0.013
-0.016 1.000 0.018 0.013
-0.016 1.000 0.018 0.013
-0.016 1.000 0.018 0.013
-0.016 1.000 0.018 0.013
-0.016 1.000 0.018 0.013
-0.016 1.000 0.018 0.013
-0.016 1.000 0.018 0.013
-0.016 1.000 0.018 0.013
-0.016 1.000 0.018 0.013
-0.016 1.000 0.018 0.013
-0.016 1.000 0.018 0.013
-0.016 1.000 0.018 0.013
-0.016 1.000 0.018 0.013
-0.016 1.000 0.018 0.013
-0.016 1.000 0.018 0.013
-0.016 1.000 0.018 0.013
-0.016 1.000 0.018 0.013
-0.016 1.000 0.018 0.013
-0.016 1.000 0.018 0.013
-0.016 1.000 0.018 0.013
-0.016 1.000 0.018 0.013
-0.016 1.000 0.018 0.013
-0.016 1.000 0.018 0.013
-0.016 1.000 0.018 0.013
-0.016 1.000 0.018 0.013
-0.016 1.000 0.018 0.013
-0.017 1.000 0.018 0.013
-0.017 1.000 0.018 0.013
-0.017 1.000 0.018 0.013
-0.017 1.000 0.019 0.013
-0.017 1.000 0.019 0.014
-0.017 1.000 0.019 0.014
-0.017 1.000 0.019 0.014
-0.017 1.000 0.019 0.014
-0.017 1.000 0.019 0.014
-0.017 1.000 0.019 0.014
-0.017 1.000 0.019 0.014
-0.017 1.000 0.019 0.014
-0.017 1.000 0.019 0.014
-0.017 1.000 0.019 0.014
-0.017 1.000 0.019 0.014
-0.017 1.000 0.019 0.014
-0.017 1.000 0.019 0.014
-0.017 1.000 0.019 0.014
-0.017 1.000 0.019 0.014
-0.017 1.000 0.019 0.014
-0.017 1.000 0.019 0.014
-0.017 1.000 0.019 0.014
-0.017 1.000 0.019 0.014
-0.017 1.000 0.019 0.014
-0.017 1.000 0.019 0.014
-0.018 1.000 0.019 0.014
-0.018 1.000 0.019 0.014
-0.018 1.000 0.019 0.014
-0.018 1.000 0.019 0.014
-0.018 1.000 0.019 0.014
-0.018 1.000 0.019 0.014
-0.018 1.000 0.019 0.014
-0.018 1.000 0.019 0.014
-0.018 1.000 0.019 0.014
-0.018 1.000 0.019 0.014
-0.018 1.000 0.019 0.014
-0.018 1.000 0.019 0.014
-0.018 1.000 0.020 0.014
-0.018 1.000 0.020 0.014
-0.018 1.000 0.020 0.014
-0.018 1.000 0.020 0.014
-0.018 1.000 0.020 0.014
-0.018 1.000 0.020 0.014
-0.018 1.000 0.020 0.014
-0.018 1.000 0.020 0.014
-0.018 1.000 0.020 0.014
-0.018 1.000 0.020 0.014
-0.018 1.000 0.020 0.014
-0.018 1.000 0.020 0.014
-0.019 1.000 0.020 0.014
-0.019 1.000 0.020 0.014
-0.019 1.000 0.020 0.014
-0.019 1.000 0.020 0.014
-0.019 1.000 0.020 0.014
-0.019 1.000 0.020 0.014
-0.019 1.000 0.020 0.014
-0.019 1.000 0.020 0.014
-0.019 1.000 0.020 0.014
-0.019 1.000 0.020 0.014
-0.019 1.000 0.020 0.014
-0.019 1.000 0.020 0.014
-0.019 1.000 0.020 0.014
-0.019 1.000 0.020 0.014
-0.019 1.000 0.020 0.014
-0.019 1.000 0.020 0.014
-0.019 1.000 0.020 0.014
-0.019 1.000 0.020 0.014
-0.019 1.000 0.020 0.014
-0.019 1.000 0.020 0.014
-0.019 0.999 0.021 0.014
-0.019 0.999 0.021 0.014
-0.019 0.999 0.021 0.014
-0.019 0.999 0.021 0.014
-0.020 0.999 0.021 0.014
-0.020 0.999 0.021 0.014
-0.020 0.999 0.021 0.014
-0.020 0.999 0.021 0.014
-0.020 0.999 0.021 0.014
-0.020 0.999 0.021 0.015
-0.020 0.999 0.021 0.015
-0.020 0.999 0.021 0.015
-0.020 0.999 0.021 0.015
-0.020 0.999 0.021 0.015
-0.020 0.999 0.021 0.015
-0.020 0.999 0.021 0.015
-0.020 0.999 0.021 0.015
-0.020 0.999 0.021 0.015
-0.020 0.999 0.021 0.015
-0.020 0.999 0.021 0.015
-0.020 0.999 0.021 0.015
-0.020 0.999 0.021 0.015
-0.020 0.999 0.021 0.015
-0.020 0.999 0.021 0.015
-0.020 0.999 0.021 0.015
-0.020 0.999 0.021 0.015
-0.020 0.999 0.021 0.015
-0.020 0.999 0.021 0.015
-0.021 0.999 0.021 0.015
-0.021 0.999 0.021 0.015
-0.021 0.999 0.021 0.015
-0.021 0.999 0.021 0.015
-0.021 0.999 0.022 0.015
-0.021 0.999 0.022 0.015
-0.021 0.999 0.022 0.015
-0.021 0.999 0.022 0.015
-0.021 0.999 0.022 0.015
-0.021 0.999 0.022 0.015
-0.021 0.999 0.022 0.015
-0.021 0.999 0.022 0.015
-0.021 0.999 0.022 0.015
-0.021 0.999 0.022 0.015
-0.021 0.999 0.022 0.015
-0.021 0.999 0.022 0.015
-0.021 0.999 0.022 0.015
-0.021 0.999 0.022 0.015
-0.021 0.999 0.022 0.015
-0.021 0.999 0.022 0.015
-0.021 0.999 0.022 0.015
-0.021 0.999 0.022 0.015
-0.021 0.999 0.022 0.015
-0.022 0.999 0.022 0.015
-0.022 0.999 0.022 0.015
-0.022 0.999 0.022 0.015
-0.022 0.999 0.022 0.015
-0.022 0.999 0.022 0.015
-0.022 0.999 0.022 0.015
-0.022 0.999 0.022 0.015
-0.022 0.999 0.022 0.015
-0.022 0.999 0.022 0.015
-0.022 0.999 0.022 0.015
-0.022 0.999 0.022 0.015
-0.022 0.999 0.022 0.015
-0.022 0.999 0.022 0.015
-0.022 0.999 0.023 0.015
-0.022 0.999 0.023 0.015
-0.022 0.999 0.023 0.015
-0.022 0.999 0.023 0.015
-0.022 0.999 0.023 0.015
-0.022 0.999 0.023 0.015
-0.022 0.999 0.023 0.015
-0.022 0.999 0.023 0.015
-0.022 0.999 0.023 0.015
-0.023 0.999 0.023 0.015
-0.023 0.999 0.023 0.015
-0.023 0.999 0.023 0.015
-0.023 0.999 0.023 0.015
-0.023 0.999 0.023 0.015
-0.023 0.999 0.023 0.015
-0.023 0.999 0.023 0.015
-0.023 0.999 0.023 0.015
-0.023 0.999 0.023 0.015
-0.023 0.999 0.023 0.015
-0.023 0.999 0.023 0.015
-0.023 0.999 0.023 0.016
-0.023 0.999 0.023 0.016
-0.023 0.999 0.023 0.016
-0.023 0.999 0.023 0.016
-0.023 0.999 0.023 0.016
-0.023 0.999 0.023 0.016
-0.023 0.999 0.023 0.016
-0.023 0.999 0.023 0.016
-0.023 0.999 0.023 0.016
-0.023 0.999 0.023 0.016
-0.023 0.999 0.023 0.016
-0.024 0.999 0.024 0.016
-0.024 0.999 0.024 0.016
-0.024 0.999 0.024 0.016
-0.024 0.999 0.024 0.016
-0.024 0.999 0.024 0.016
-0.024 0.999 0.024 0.016
-0.024 0.999 0.024 0.016
-0.024 0.999 0.024 0.016
-0.024 0.999 0.024 0.016
-0.024 0.999 0.024 0.016
-0.024 0.999 0.024 0.016
-0.024 0.999 0.024 0.016
-0.024 0.999 0.024 0.016
-0.024 0.999 0.024 0.016
-0.024 0.999 0.024 0.016
-0.024 0.999 0.024 0.016
-0.024 0.999 0.024 0.016
-0.024 0.999 0.024 0.016
-0.024 0.999 0.024 0.016
-0.024 0.999 0.024 0.016
-0.024 0.999 0.024 0.016
-0.024 0.999 0.024 0.016
-0.025 0.999 0.024 0.016
-0.025 0.999 0.024 0.016
-0.025 0.999 0.024 0.016
-0.025 0.999 0.024 0.016
-0.025 0.999 0.024 0.016
-0.025 0.999 0.024 0.016
-0.025 0.999 0.024 0.016
-0.025 0.999 0.024 0.016
-0.025 0.999 0.024 0.016
-0.025 0.999 0.025 0.016
-0.025 0.999 0.025 0.016
-0.025 0.999 0.025 0.016
-0.025 0.999 0.025 0.016
-0.025 0.999 0.025 0.016
-0.025 0.999 0.025 0.016
-0.025 0.999 0.025 0.016
-0.025 0.999 0.025 0.016
-0.025 0.999 0.025 0.016
-0.025 0.999 0.025 0.016
-0.025 0.999 0.025 0.016
-0.025 0.999 0.025 0.016
-0.026 0.999 0.025 0.016
-0.026 0.999 0.025 0.016
-0.026 0.999 0.025 0.016
-0.026 0.999 0.025 0.016
-0.026 0.999 0.025 0.016
-0.026 0.999 0.025 0.016
-0.026 0.999 0.025 0.016
-0.026 0.999 0.025 0.016
-0.026 0.999 0.025 0.016
-0.026 0.999 0.025 0.016
-0.026 0.999 0.025 0.016
-0.026 0.999 0.025 0.016
-0.026 0.999 0.025 0.016
-0.026 0.999 0.025 0.016
-0.026 0.999 0.025 0.016
-0.026 0.999 0.025 0.016
-0.026 0.999 0.025 0.016
-0.026 0.999 0.025 0.016
-0.026 0.999 0.026 0.016
-0.026 0.999 0.026 0.016
-0.026 0.999 0.026 0.016
-0.027 0.999 0.026 0.016
-0.027 0.999 0.026 0.016
-0.027 0.999 0.026 0.017
-0.027 0.999 0.026 0.017
-0.027 0.999 0.026 0.017
-0.027 0.999 0.026 0.017
-0.027 0.999 0.026 0.017
-0.027 0.999 0.026 0.017
-0.027 0.999 0.026 0.017
-0.027 0.999 0.026 0.017
-0.027 0.999 0.026 0.017
-0.027 0.999 0.026 0.017
-0.027 0.999 0.026 0.017
-0.027 0.999 0.026 0.017
-0.027 0.999 0.026 0.017
-0.027 0.999 0.026 0.017
-0.027 0.999 0.026 0.017
-0.027 0.999 0.026 0.017
-0.027 0.999 0.026 0.017
-0.027 0.999 0.026 0.017
-0.027 0.999 0.026 0.017
-0.028 0.999 0.026 0.017
-0.028 0.999 0.026 0.017
-0.028 0.999 0.026 0.017
-0.028 0.999 0.026 0.017
-0.028 0.999 0.026 0.017
-0.028 0.999 0.026 0.017
-0.028 0.999 0.027 0.017
-0.028 0.999 0.027 0.017
-0.028 0.999 0.027 0.017
-0.028 0.999 0.027 0.017
-0.028 0.999 0.027 0.017
-0.028 0.999 0.027 0.017
-0.028 0.999 0.027 0.017
-0.028 0.999 0.027 0.017
-0.028 0.999 0.027 0.017
-0.028 0.999 0.027 0.017
-0.028 0.999 0.027 0.017
-0.028 0.999 0.027 0.017
-0.028 0.999 0.027 0.017
-0.028 0.999 0.027 0.017
-0.029 0.999 0.027 0.017
-0.029 0.999 0.027 0.017
-0.029 0.999 0.027 0.017
-0.029 0.999 0.027 0.017
-0.029 0.999 0.027 0.017
-0.029 0.999 0.027 0.017
-0.029 0.999 0.027 0.017
-0.029 0.999 0.027 0.017
-0.029 0.999 0.027 0.017
-0.029 0.999 0.027 0.017
-0.029 0.999 0.027 0.017
-0.029 0.999 0.027 0.017
-0.029 0.999 0.027 0.017
-0.029 0.999 0.027 0.017
-0.029 0.999 0.027 0.017
-0.029 0.999 0.027 0.017
-0.029 0.999 0.028 0.017
-0.029 0.999 0.028 0.017
-0.029 0.999 0.028 0.017
-0.029 0.999 0.028 0.017
-0.030 0.999 0.028 0.017
-0.030 0.999 0.028 0.017
-0.030 0.999 0.028 0.017
-0.030 0.999 0.028 0.017
-0.030 0.999 0.028 0.017
-0.030 0.999 0.028 0.017
-0.030 0.999 0.028 0.017
-0.030 0.999 0.028 0.017
-0.030 0.999 0.028 0.017
-0.030 0.999 0.028 0.017
-0.030 0.999 0.028 0.017
-0.030 0.999 0.028 0.017
-0.030 0.999 0.028 0.017
-0.030 0.999 0.028 0.017
-0.030 0.999 0.028 0.017
-0.030 0.999 0.028 0.017
-0.030 0.999 0.028 0.017
-0.030 0.999 0.028 0.017
-0.030 0.999 0.028 0.017
-0.030 0.999 0.028 0.017
-0.031 0.999 0.028 0.017
-0.031 0.999 0.028 0.018
-0.031 0.999 0.028 0.018
-0.031 0.999 0.028 0.018
-0.031 0.999 0.028 0.018
-0.031 0.999 0.029 0.018
-0.031 0.999 0.029 0.018
-0.031 0.999 0.029 0.018
-0.031 0.999 0.029 0.018
-0.031 0.999 0.029 0.018
-0.031 0.999 0.029 0.018
-0.031 0.999 0.029 0.018
-0.031 0.999 0.029 0.018
-0.031 0.999 0.029 0.018
-0.031 0.999 0.029 0.018
-0.031 0.999 0.029 0.018
-0.031 0.999 0.029 0.018
-0.031 0.999 0.029 0.018
-0.031 0.999 0.029 0.018
-0.031 0.999 0.029 0.018
-0.032 0.999 0.029 0.018
-0.032 0.999 0.029 0.018
-0.032 0.999 0.029 0.018
-0.032 0.999 0.029 0.018
-0.032 0.999 0.029 0.018
-0.032 0.999 0.029 0.018
-0.032 0.999 0.029 0.018
-0.032 0.999 0.029 0.018
-0.032 0.999 0.029 0.018
-0.032 0.999 0.029 0.018
-0.032 0.999 0.029 0.018
-0.032 0.999 0.029 0.018
-0.032 0.999 0.029 0.018
-0.032 0.999 0.029 0.018
-0.032 0.999 0.029 0.018
-0.032 0.999 0.030 0.018
-0.032 0.999 0.030 0.018
-0.032 0.999 0.030 0.018
-0.032 0.999 0.030 0.018
-0.033 0.999 0.030 0.018
-0.033 0.999 0.030 0.018
-0.033 0.999 0.030 0.018
-0.033 0.999 0.030 0.018
-0.033 0.999 0.030 0.018
-0.033 0.999 0.030 0.018
-0.033 0.999 0.030 0.018
-0.033 0.999 0.030 0.018
-0.033 0.999 0.030 0.018
-0.033 0.999 0.030 0.018
-0.033 0.999 0.030 0.018
-0.033 0.999 0.030 0.018
-0.033 0.999 0.030 0.018
-0.033 0.999 0.030 0.018
-0.033 0.999 0.030 0.018
-0.033 0.999 0.030 0.018
-0.033 0.999 0.030 0.018
-0.033 0.999 0.030 0.018
-0.033 0.999 0.030 0.018
-0.034 0.999 0.030 0.018
-0.034 0.999 0.030 0.018
-0.034 0.999 0.030 0.018
-0.034 0.999 0.030 0.018
-0.034 0.999 0.030 0.018
-0.034 0.999 0.030 0.018
-0.034 0.999 0.031 0.018
-0.034 0.999 0.031 0.018
-0.034 0.999 0.031 0.018
-0.034 0.999 0.031 0.018
-0.034 0.999 0.031 0.018
-0.034 0.999 0.031 0.018
-0.034 0.999 0.031 0.018
-0.034 0.999 0.031 0.018
-0.034 0.999 0.031 0.018
-0.034 0.999 0.031 0.018
-0.034 0.999 0.031 0.018
-0.034 0.999 0.031 0.018
-0.034 0.999 0.031 0.018
-0.035 0.999 0.031 0.018
-0.035 0.999 0.031 0.018
-0.035 0.999 0.031 0.018
-0.035 0.999 0.031 0.018
-0.035 0.999 0.031 0.018
-0.035 0.999 0.031 0.018
-0.035 0.999 0.031 0.018
-0.035 0.999 0.031 0.019
-0.035 0.999 0.031 0.019
-0.035 0.999 0.031 0.019
-0.035 0.999 0.031 0.019
-0.035 0.999 0.031 0.019
-0.035 0.999 0.031 0.019
-0.035 0.999 0.031 0.019
-0.035 0.999 0.031 0.019
-0.035 0.999 0.031 0.019
-0.035 0.999 0.032 0.019
-0.035 0.999 0.032 0.019
-0.035 0.999 0.032 0.019
-0.036 0.999 0.032 0.019
-0.036 0.999 0.032 0.019
-0.036 0.999 0.032 0.019
-0.036 0.999 0.032 0.019
-0.036 0.999 0.032 0.019
-0.036 0.999 0.032 0.019
-0.036 0.999 0.032 0.019
-0.036 0.999 0.032 0.019
-0.036 0.999 0.032 0.019
-0.036 0.999 0.032 0.019
-0.036 0.999 0.032 0.019
-0.036 0.999 0.032 0.019
-0.036 0.999 0.032 0.019
-0.036 0.999 0.032 0.019
-0.036 0.999 0.032 0.019
-0.036 0.999 0.032 0.019
-0.036 0.999 0.032 0.019
-0.036 0.999 0.032 0.019
-0.036 0.999 0.032 0.019
-0.037 0.999 0.032 0.019
-0.037 0.999 0.032 0.019
-0.037 0.999 0.032 0.019
-0.037 0.999 0.032 0.019
-0.037 0.999 0.032 0.019
-0.037 0.999 0.032 0.019
-0.037 0.999 0.032 0.019
-0.037 0.999 0.033 0.019
-0.037 0.999 0.033 0.019
-0.037 0.999 0.033 0.019
-0.037 0.999 0.033 0.019
-0.037 0.999 0.033 0.019
-0.037 0.999 0.033 0.019
-0.037 0.999 0.033 0.019
-0.037 0.999 0.033 0.019
-0.037 0.999 0.033 0.019
-0.037 0.999 0.033 0.019
-0.037 0.999 0.033 0.019
-0.037 0.999 0.033 0.019
-0.038 0.999 0.033 0.019
-0.038 0.999 0.033 0.019
-0.038 0.999 0.033 0.019
-0.038 0.999 0.033 0.019
-0.038 0.999 0.033 0.019
-0.038 0.999 0.033 0.019
-0.038 0.999 0.033 0.019
-0.038 0.999 0.033 0.019
-0.038 0.999 0.033 0.019
-0.038 0.999 0.033 0.019
-0.038 0.999 0.033 0.019
-0.038 0.999 0.033 0.019
-0.038 0.999 0.033 0.019
-0.038 0.999 0.033 0.019
-0.038 0.999 0.033 0.019
-0.038 0.999 0.033 0.019
-0.038 0.999 0.033 0.019
-0.038 0.999 0.034 0.019
-0.039 0.999 0.034 0.019
-0.039 0.999 0.034 0.019
-0.039 0.999 0.034 0.019
-0.039 0.998 0.034 0.019
-0.039 0.998 0.034 0.019
-0.039 0.998 0.034 0.019
-0.039 0.998 0.034 0.019
-0.039 0.998 0.034 0.019
-0.039 0.998 0.034 0.019
-0.039 0.998 0.034 0.019
-0.039 0.998 0.034 0.019
-0.039 0.998 0.034 0.019
-0.039 0.998 0.034 0.019
-0.039 0.998 0.034 0.019
-0.039 0.998 0.034 0.019
-0.039 0.998 0.034 0.019
-0.039 0.998 0.034 0.019
-0.039 0.998 0.034 0.019
-0.039 0.998 0.034 0.019
-0.040 0.998 0.034 0.019
-0.040 0.998 0.034 0.019
-0.040 0.998 0.034 0.020
-0.040 0.998 0.034 0.020
-0.040 0.998 0.034 0.020
-0.040 0.998 0.034 0.020
-0.040 0.998 0.034 0.020
-0.040 0.998 0.034 0.020
-0.040 0.998 0.034 0.020
-0.040 0.998 0.035 0.020
-0.040 0.998 0.035 0.020
-0.040 0.998 0.035 0.020
-0.040 0.998 0.035 0.020
-0.040 0.998 0.035 0.020
-0.040 0.998 0.035 0.020
-0.040 0.998 0.035 0.020
-0.040 0.998 0.035 0.020
-0.040 0.998 0.035 0.020
-0.041 0.998 0.035 0.020
-0.041 0.998 0.035 0.020
-0.041 0.998 0.035 0.020
-0.041 0.998 0.035 0.020
-0.041 0.998 0.035 0.020
-0.041 0.998 0.035 0.020
-0.041 0.998 0.035 0.020
-0.041 0.998 0.035 0.020
-0.041 0.998 0.035 0.020
-0.041 0.998 0.035 0.020
-0.041 0.998 0.035 0.020
-0.041 0.998 0.035 0.020
-0.041 0.998 0.035 0.020
-0.041 0.998 0.035 0.020
-0.041 0.998 0.035 0.020
-0.041 0.998 0.035 0.020
-0.041 0.998 0.035 0.020
-0.041 0.998 0.035 0.020
-0.041 0.998 0.035 0.020
-0.042 0.998 0.035 0.020
-0.042 0.998 0.036 0.020
-0.042 0.998 0.036 0.020
-0.042 0.998 0.036 0.020
-0.042 0.998 0.036 0.020
-0.042 0.998 0.036 0.020
-0.042 0.998 0.036 0.020
-0.042 0.998 0.036 0.020
-0.042 0.998 0.036 0.020
-0.042 0.998 0.036 0.020
-0.042 0.998 0.036 0.020
-0.042 0.998 0.036 0.020
-0.042 0.998 0.036 0.020
-0.042 0.998 0.036 0.020
-0.042 0.998 0.036 0.020
-0.042 0.998 0.036 0.020
-0.042 0.998 0.036 0.020
-0.042 0.998 0.036 0.020
-0.043 0.998 0.036 0.020
-0.043 0.998 0.036 0.020
-0.043 0.998 0.036 0.020
-0.043 0.998 0.036 0.020
-0.043 0.998 0.036 0.020
-0.043 0.998 0.036 0.020
-0.043 0.998 0.036 0.020
-0.043 0.998 0.036 0.020
-0.043 0.998 0.036 0.020
-0.043 0.998 0.036 0.020
-0.043 0.998 0.036 0.020
-0.043 0.998 0.036 0.020
-0.043 0.998 0.037 0.020
-0.043 0.998 0.037 0.020
-0.043 0.998 0.037 0.020
-0.043 0.998 0.037 0.020
-0.043 0.998 0.037 0.020
-0.043 0.998 0.037 0.020
-0.044 0.998 0.037 0.020
-0.044 0.998 0.037 0.020
-0.044 0.998 0.037 0.020
-0.044 0.998 0.037 0.020
-0.044 0.998 0.037 0.020
-0.044 0.998 0.037 0.020
-0.044 0.998 0.037 0.020
-0.044 0.998 0.037 0.020
-0.044 0.998 0.037 0.020
-0.044 0.998 0.037 0.020
-0.044 0.998 0.037 0.020
-0.044 0.998 0.037 0.020
-0.044 0.998 0.037 0.020
-0.044 0.998 0.037 0.020
-0.044 0.998 0.037 0.020
-0.044 0.998 0.037 0.020
-0.044 0.998 0.037 0.020
-0.044 0.998 0.037 0.020
-0.045 0.998 0.037 0.020
-0.045 0.998 0.037 0.020
-0.045 0.998 0.037 0.020
-0.045 0.998 0.037 0.020
-0.045 0.998 0.037 0.020
-0.045 0.998 0.037 0.020
-0.045 0.998 0.038 0.020
-0.045 0.998 0.038 0.021
-0.045 0.998 0.038 0.021
-0.045 0.998 0.038 0.021
-0.045 0.998 0.038 0.021
-0.045 0.998 0.038 0.021
-0.045 0.998 0.038 0.021
-0.045 0.998 0.038 0.021
-0.045 0.998 0.038 0.021
-0.045 0.998 0.038 0.021
-0.045 0.998 0.038 0.021
-0.045 0.998 0.038 0.021
-0.045 0.998 0.038 0.021
-0.046 0.998 0.038 0.021
-0.046 0.998 0.038 0.021
-0.046 0.998 0.038 0.021
-0.046 0.998 0.038 0.021
-0.046 0.998 0.038 0.021
-0.046 0.998 0.038 0.021
-0.046 0.998 0.038 0.021
-0.046 0.998 0.038 0.021
-0.046 0.998 0.038 0.021
-0.046 0.998 0.038 0.021
-0.046 0.998 0.038 0.021
-0.046 0.998 0.038 0.021
-0.046 0.998 0.038 0.021
-0.046 0.998 0.038 0.021
-0.046 0.998 0.038 0.021
-0.046 0.998 0.038 0.021
-0.046 0.998 0.039 0.021
-0.046 0.998 0.039 0.021
-0.047 0.998 0.039 0.021
-0.047 0.998 0.039 0.021
-0.047 0.998 0.039 0.021
-0.047 0.998 0.039 0.021
-0.047 0.998 0.039 0.021
-0.047 0.998 0.039 0.021
-0.047 0.998 0.039 0.021
-0.047 0.998 0.039 0.021
-0.047 0.998 0.039 0.021
-0.047 0.998 0.039 0.021
-0.047 0.998 0.039 0.021
-0.047 0.998 0.039 0.021
-0.047 0.998 0.039 0.021
-0.047 0.998 0.039 0.021
-0.047 0.998 0.039 0.021
-0.047 0.998 0.039 0.021
-0.047 0.998 0.039 0.021
-0.047 0.998 0.039 0.021
-0.048 0.998 0.039 0.021
-0.048 0.998 0.039 0.021
-0.048 0.998 0.039 0.021
-0.048 0.998 0.039 0.021
-0.048 0.998 0.039 0.021
-0.048 0.998 0.039 0.021
-0.048 0.998 0.039 0.021
-0.048 0.998 0.039 0.021
-0.048 0.998 0.039 0.021
-0.048 0.998 0.039 0.021
-0.048 0.998 0.040 0.021
-0.048 0.998 0.040 0.021
-0.048 0.998 0.040 0.021
-0.048 0.998 0.040 0.021
-0.048 0.998 0.040 0.021
-0.048 0.998 0.040 0.021
-0.048 0.998 0.040 0.021
-0.048 0.998 0.040 0.021
-0.049 0.998 0.040 0.021
-0.049 0.998 0.040 0.021
-0.049 0.998 0.040 0.021
-0.049 0.998 0.040 0.021
-0.049 0.998 0.040 0.021
-0.049 0.998 0.040 0.021
-0.049 0.998 0.040 0.021
-0.049 0.998 0.040 0.021
-0.049 0.998 0.040 0.021
-0.049 0.998 0.040 0.021
-0.049 0.998 0.040 0.021
-0.049 0.998 0.040 0.021
-0.049 0.998 0.040 0.021
-0.049 0.998 0.040 0.021
-0.049 0.998 0.040 0.021
-0.049 0.998 0.040 0.021
-0.049 0.998 0.040 0.021
-0.049 0.998 0.040 0.021
-0.050 0.998 0.040 0.021
-0.050 0.998 0.040 0.021
-0.050 0.998 0.040 0.021
-0.050 0.998 0.040 0.021
-0.050 0.998 0.040 0.021
-0.050 0.998 0.041 0.021
-0.050 0.998 0.041 0.021
-0.050 0.998 0.041 0.021
-0.050 0.998 0.041 0.021
-0.050 0.998 0.041 0.021
-0.050 0.998 0.041 0.021
-0.050 0.998 0.041 0.021
-0.050 0.998 0.041 0.021
-0.050 0.998 0.041 0.021
-0.050 0.998 0.041 0.021
-0.050 0.998 0.041 0.021
-0.050 0.998 0.041 0.021
-0.050 0.998 0.041 0.021
-0.051 0.998 0.041 0.021
-0.051 0.998 0.041 0.021
-0.051 0.998 0.041 0.021
-0.051 0.998 0.041 0.021
-0.051 0.998 0.041 0.021
-0.051 0.998 0.041 0.021
-0.051 0.998 0.041 0.021
-0.051 0.998 0.041 0.022
-0.051 0.998 0.041 0.022
-0.051 0.998 0.041 0.022
-0.051 0.998 0.041 0.022
-0.051 0.998 0.041 0.022
-0.051 0.998 0.041 0.022
-0.051 0.998 0.041 0.022
-0.051 0.998 0.041 0.022
-0.051 0.998 0.041 0.022
-0.051 0.998 0.041 0.022
-0.051 0.998 0.042 0.022
-0.051 0.998 0.042 0.022
-0.052 0.998 0.042 0.022
-0.052 0.998 0.042 0.022
-0.052 0.998 0.042 0.022
-0.052 0.998 0.042 0.022
-0.052 0.998 0.042 0.022
-0.052 0.998 0.042 0.022
-0.052 0.998 0.042 0.022
-0.052 0.998 0.042 0.022
-0.052 0.998 0.042 0.022
-0.052 0.998 0.042 0.022
-0.052 0.998 0.042 0.022
-0.052 0.998 0.042 0.022
-0.052 0.998 0.042 0.022
-0.052 0.998 0.042 0.022
-0.052 0.998 0.042 0.022
-0.052 0.998 0.042 0.022
-0.052 0.998 0.042 0.022
-0.052 0.997 0.042 0.022
-0.053 0.997 0.042 0.022
-0.053 0.997 0.042 0.022
-0.053 0.997 0.042 0.022
-0.053 0.997 0.042 0.022
-0.053 0.997 0.042 0.022
-0.053 0.997 0.042 0.022
-0.053 0.997 0.042 0.022
-0.053 0.997 0.042 0.022
-0.053 0.997 0.042 0.022
-0.053 0.997 0.042 0.022
-0.053 0.997 0.042 0.022
-0.053 0.997 0.043 0.022
-0.053 0.997 0.043 0.022
-0.053 0.997 0.043 0.022
-0.053 0.997 0.043 0.022
-0.053 0.997 0.043 0.022
-0.053 0.997 0.043 0.022
-0.053 0.997 0.043 0.022
-0.054 0.997 0.043 0.022
-0.054 0.997 0.043 0.022
-0.054 0.997 0.043 0.022
-0.054 0.997 0.043 0.022
-0.054 0.997 0.043 0.022
-0.054 0.997 0.043 0.022
-0.054 0.997 0.043 0.022
-0.054 0.997 0.043 0.022
-0.054 0.997 0.043 0.022
-0.054 0.997 0.043 0.022
-0.054 0.997 0.043 0.022
-0.054 0.997 0.043 0.022
-0.054 0.997 0.043 0.022
-0.054 0.997 0.043 0.022
-0.054 0.997 0.043 0.022
-0.054 0.997 0.043 0.022
-0.054 0.997 0.043 0.022
-0.054 0.997 0.043 0.022
-0.054 0.997 0.043 0.022
-0.055 0.997 0.043 0.022
-0.055 0.997 0.043 0.022
-0.055 0.997 0.043 0.022
-0.055 0.997 0.043 0.022
-0.055 0.997 0.043 0.022
-0.055 0.997 0.043 0.022
-0.055 0.997 0.044 0.022
-0.055 0.997 0.044 0.022
-0.055 0.997 0.044 0.022
-0.055 0.997 0.044 0.022
-0.055 0.997 0.044 0.022
-0.055 0.997 0.044 0.022
-0.055 0.997 0.044 0.022
-0.055 0.997 0.044 0.022
-0.055 0.997 0.044 0.022
-0.055 0.997 0.044 0.022
-0.055 0.997 0.044 0.022
-0.055 0.997 0.044 0.022
-0.056 0.997 0.044 0.022
-0.056 0.997 0.044 0.022
-0.056 0.997 0.044 0.022
-0.056 0.997 0.044 0.022
-0.056 0.997 0.044 0.022
-0.056 0.997 0.044 0.022
-0.056 0.997 0.044 0.022
-0.056 0.997 0.044 0.022
-0.056 0.997 0.044 0.022
-0.056 0.997 0.044 0.022
-0.056 0.997 0.044 0.022
-0.056 0.997 0.044 0.022
-0.056 0.997 0.044 0.022
-0.056 0.997 0.044 0.022
-0.056 0.997 0.044 0.022
-0.056 0.997 0.044 0.022
-0.056 0.997 0.044 0.022
-0.056 0.997 0.044 0.022
-0.056 0.997 0.044 0.022
-0.057 0.997 0.044 0.022
-0.057 0.997 0.045 0.022
-0.057 0.997 0.045 0.022
-0.057 0.997 0.045 0.022
-0.057 0.997 0.045 0.022
-0.057 0.997 0.045 0.022
-0.057 0.997 0.045 0.022
-0.057 0.997 0.045 0.022
-0.057 0.997 0.045 0.022
-0.057 0.997 0.045 0.022
-0.057 0.997 0.045 0.022
-0.057 0.997 0.045 0.022
-0.057 0.997 0.045 0.022
-0.057 0.997 0.045 0.022
-0.057 0.997 0.045 0.022
-0.057 0.997 0.045 0.022
-0.057 0.997 0.045 0.022
-0.057 0.997 0.045 0.022
-0.057 0.997 0.045 0.022
-0.058 0.997 0.045 0.022
-0.058 0.997 0.045 0.022
-0.058 0.997 0.045 0.022
-0.058 0.997 0.045 0.022
-0.058 0.997 0.045 0.022
-0.058 0.997 0.045 0.022
-0.058 0.997 0.045 0.022
-0.058 0.997 0.045 0.022
-0.058 0.997 0.045 0.022
-0.058 0.997 0.045 0.023
-0.058 0.997 0.045 0.023
-0.058 0.997 0.045 0.023
-0.058 0.997 0.045 0.023
-0.058 0.997 0.045 0.023
-0.058 0.997 0.045 0.023
-0.058 0.997 0.046 0.023
-0.058 0.997 0.046 0.023
-0.058 0.997 0.046 0.023
-0.058 0.997 0.046 0.023
-0.059 0.997 0.046 0.023
-0.059 0.997 0.046 0.023
-0.059 0.997 0.046 0.023
-0.059 0.997 0.046 0.023
-0.059 0.997 0.046 0.023
-0.059 0.997 0.046 0.023
-0.059 0.997 0.046 0.023
-0.059 0.997 0.046 0.023
-0.059 0.997 0.046 0.023
-0.059 0.997 0.046 0.023
-0.059 0.997 0.046 0.023
-0.059 0.997 0.046 0.023
-0.059 0.997 0.046 0.023
-0.059 0.997 0.046 0.023
-0.059 0.997 0.046 0.023
-0.059 0.997 0.046 0.023
-0.059 0.997 0.046 0.023
-0.059 0.997 0.046 0.023
-0.059 0.997 0.046 0.023
-0.060 0.997 0.046 0.023
-0.060 0.997 0.046 0.023
-0.060 0.997 0.046 0.023
-0.060 0.997 0.046 0.023
-0.060 0.997 0.046 0.023
-0.060 0.997 0.046 0.023
-0.060 0.997 0.046 0.023
-0.060 0.997 0.046 0.023
-0.060 0.997 0.046 0.023
-0.060 0.997 0.046 0.023
-0.060 0.997 0.046 0.023
-0.060 0.997 0.046 0.023
-0.060 0.997 0.047 0.023
-0.060 0.997 0.047 0.023
-0.060 0.997 0.047 0.023
-0.060 0.997 0.047 0.023
-0.060 0.997 0.047 0.023
-0.060 0.997 0.047 0.023
-0.060 0.997 0.047 0.023
-0.061 0.997 0.047 0.023
-0.061 0.997 0.047 0.023
-0.061 0.997 0.047 0.023
-0.061 0.997 0.047 0.023
-0.061 0.997 0.047 0.023
-0.061 0.997 0.047 0.023
-0.061 0.997 0.047 0.023
-0.061 0.997 0.047 0.023
-0.061 0.997 0.047 0.023
-0.061 0.997 0.047 0.023
-0.061 0.997 0.047 0.023
-0.061 0.997 0.047 0.023
-0.061 0.997 0.047 0.023
-0.061 0.997 0.047 0.023
-0.061 0.997 0.047 0.023
-0.061 0.997 0.047 0.023
-0.061 0.997 0.047 0.023
-0.061 0.997 0.047 0.023
-0.061 0.997 0.047 0.023
-0.061 0.997 0.047 0.023
-0.062 0.997 0.047 0.023
-0.062 0.997 0.047 0.023
-0.062 0.997 0.047 0.023
-0.062 0.997 0.047 0.023
-0.062 0.997 0.047 0.023
-0.062 0.997 0.047 0.023
-0.062 0.997 0.047 0.023
-0.062 0.997 0.047 0.023
-0.062 0.997 0.048 0.023
-0.062 0.997 0.048 0.023
-0.062 0.997 0.048 0.023
-0.062 0.997 0.048 0.023
-0.062 0.997 0.048 0.023
-0.062 0.997 0.048 0.023
-0.062 0.997 0.048 0.023
-0.062 0.997 0.048 0.023
-0.062 0.997 0.048 0.023
-0.062 0.997 0.048 0.023
-0.062 0.997 0.048 0.023
-0.063 0.997 0.048 0.023
-0.063 0.997 0.048 0.023
-0.063 0.997 0.048 0.023
-0.063 0.997 0.048 0.023
-0.063 0.997 0.048 0.023
-0.063 0.997 0.048 0.023
-0.063 0.997 0.048 0.023
-0.063 0.997 0.048 0.023
-0.063 0.997 0.048 0.023
-0.063 0.997 0.048 0.023
-0.063 0.997 0.048 0.023
-0.063 0.997 0.048 0.023
-0.063 0.997 0.048 0.023
-0.063 0.997 0.048 0.023
-0.063 0.997 0.048 0.023
-0.063 0.997 0.048 0.023
-0.063 0.997 0.048 0.023
-0.063 0.997 0.048 0.023
-0.063 0.997 0.048 0.023
-0.063 0.997 0.048 0.023
-0.064 0.997 0.048 0.023
-0.064 0.997 0.048 0.023
-0.064 0.997 0.048 0.023
-0.064 0.997 0.048 0.023
-0.064 0.997 0.048 0.023
-0.064 0.997 0.048 0.023
-0.064 0.997 0.049 0.023
-0.064 0.997 0.049 0.023
-0.064 0.997 0.049 0.023
-0.064 0.996 0.049 0.023
-0.064 0.996 0.049 0.023
-0.064 0.996 0.049 0.023
-0.064 0.996 0.049 0.023
-0.064 0.996 0.049 0.023
-0.064 0.996 0.049 0.023
-0.064 0.996 0.049 0.023
-0.064 0.996 0.049 0.023
-0.064 0.996 0.049 0.023
-0.064 0.996 0.049 0.023
-0.064 0.996 0.049 0.023
-0.064 0.996 0.049 0.023
-0.065 0.996 0.049 0.023
-0.065 0.996 0.049 0.023
-0.065 0.996 0.049 0.023
-0.065 0.996 0.049 0.023
-0.065 0.996 0.049 0.023
-0.065 0.996 0.049 0.023
-0.065 0.996 0.049 0.023
-0.065 0.996 0.049 0.023
-0.065 0.996 0.049 0.023
-0.065 0.996 0.049 0.023
-0.065 0.996 0.049 0.023
-0.065 0.996 0.049 0.023
-0.065 0.996 0.049 0.023
-0.065 0.996 0.049 0.023
-0.065 0.996 0.049 0.023
-0.065 0.996 0.049 0.023
-0.065 0.996 0.049 0.023
-0.065 0.996 0.049 0.023
-0.065 0.996 0.049 0.023
-0.065 0.996 0.049 0.023
-0.066 0.996 0.049 0.023
-0.066 0.996 0.049 0.023
-0.066 0.996 0.049 0.023
-0.066 0.996 0.050 0.023
-0.066 0.996 0.050 0.023
-0.066 0.996 0.050 0.023
-0.066 0.996 0.050 0.023
-0.066 0.996 0.050 0.023
-0.066 0.996 0.050 0.023
-0.066 0.996 0.050 0.023
-0.066 0.996 0.050 0.023
-0.066 0.996 0.050 0.023
-0.066 0.996 0.050 0.023
-0.066 0.996 0.050 0.023
-0.066 0.996 0.050 0.023
-0.066 0.996 0.050 0.023
-0.066 0.996 0.050 0.023
-0.066 0.996 0.050 0.023
-0.066 0.996 0.050 0.023
-0.066 0.996 0.050 0.023
-0.066 0.996 0.050 0.023
-0.066 0.996 0.050 0.023
-0.067 0.996 0.050 0.023
-0.067 0.996 0.050 0.023
-0.067 0.996 0.050 0.023
-0.067 0.996 0.050 0.023
-0.067 0.996 0.050 0.023
-0.067 0.996 0.050 0.023
-0.067 0.996 0.050 0.023
-0.067 0.996 0.050 0.023
-0.067 0.996 0.050 0.023
-0.067 0.996 0.050 0.023
-0.067 0.996 0.050 0.023
-0.067 0.996 0.050 0.023
-0.067 0.996 0.050 0.023
-0.067 0.996 0.050 0.023
-0.067 0.996 0.050 0.023
-0.067 0.996 0.050 0.023
-0.067 0.996 0.050 0.023
-0.067 0.996 0.050 0.023
-0.067 0.996 0.050 0.023
-0.067 0.996 0.050 0.023
-0.067 0.996 0.050 0.023
-0.068 0.996 0.050 0.023
-0.068 0.996 0.051 0.023
-0.068 0.996 0.051 0.023
-0.068 0.996 0.051 0.023
-0.068 0.996 0.051 0.023
-0.068 0.996 0.051 0.023
-0.068 0.996 0.051 0.023
-0.068 0.996 0.051 0.023
-0.068 0.996 0.051 0.023
-0.068 0.996 0.051 0.023
-0.068 0.996 0.051 0.023
-0.068 0.996 0.051 0.023
-0.068 0.996 0.051 0.023
-0.068 0.996 0.051 0.023
-0.068 0.996 0.051 0.024
-0.068 0.996 0.051 0.024
-0.068 0.996 0.051 0.024
-0.068 0.996 0.051 0.024
-0.068 0.996 0.051 0.024
-0.068 0.996 0.051 0.024
-0.068 0.996 0.051 0.024
-0.068 0.996 0.051 0.024
-0.069 0.996 0.051 0.024
-0.069 0.996 0.051 0.024
-0.069 0.996 0.051 0.024
-0.069 0.996 0.051 0.024
-0.069 0.996 0.051 0.024
-0.069 0.996 0.051 0.024
-0.069 0.996 0.051 0.024
-0.069 0.996 0.051 0.024
-0.069 0.996 0.051 0.024
-0.069 0.996 0.051 0.024
-0.069 0.996 0.051 0.024
-0.069 0.996 0.051 0.024
-0.069 0.996 0.051 0.024
-0.069 0.996 0.051 0.024
-0.069 0.996 0.051 0.024
-0.069 0.996 0.051 0.024
-0.069 0.996 0.051 0.024
-0.069 0.996 0.051 0.024
-0.069 0.996 0.051 0.024
-0.069 0.996 0.051 0.024
-0.069 0.996 0.051 0.024
-0.069 0.996 0.051 0.024
-0.069 0.996 0.051 0.024
-0.070 0.996 0.052 0.024
-0.070 0.996 0.052 0.024
-0.070 0.996 0.052 0.024
-0.070 0.996 0.052 0.024
-0.070 0.996 0.052 0.024
-0.070 0.996 0.052 0.024
-0.070 0.996 0.052 0.024
-0.070 0.996 0.052 0.024
-0.070 0.996 0.052 0.024
-0.070 0.996 0.052 0.024
-0.070 0.996 0.052 0.024
-0.070 0.996 0.052 0.024
-0.070 0.996 0.052 0.024
-0.070 0.996 0.052 0.024
-0.070 0.996 0.052 0.024
-0.070 0.996 0.052 0.024
-0.070 0.996 0.052 0.024
-0.070 0.996 0.052 0.024
-0.070 0.996 0.052 0.024
-0.070 0.996 0.052 0.024
-0.070 0.996 0.052 0.024
-0.070 0.996 0.052 0.024
-0.070 0.996 0.052 0.024
-0.071 0.996 0.052 0.024
-0.071 0.996 0.052 0.024
-0.071 0.996 0.052 0.024
-0.071 0.996 0.052 0.024
-0.071 0.996 0.052 0.024
-0.071 0.996 0.052 0.024
-0.071 0.996 0.052 0.024
-0.071 0.996 0.052 0.024
-0.071 0.996 0.052 0.024
-0.071 0.996 0.052 0.024
-0.071 0.996 0.052 0.024
-0.071 0.996 0.052 0.024
-0.071 0.996 0.052 0.024
-0.071 0.996 0.052 0.024
-0.071 0.996 0.052 0.024
-0.071 0.996 0.052 0.024
-0.071 0.996 0.052 0.024
-0.071 0.996 0.052 0.024
-0.071 0.996 0.052 0.024
-0.071 0.996 0.052 0.024
-0.071 0.996 0.052 0.024
-0.071 0.996 0.052 0.024
-0.071 0.996 0.052 0.024
-0.071 0.996 0.052 0.024
-0.072 0.996 0.052 0.024
-0.072 0.996 0.053 0.024
-0.072 0.996 0.053 0.024
-0.072 0.996 0.053 0.024
-0.072 0.996 0.053 0.024
-0.072 0.996 0.053 0.024
-0.072 0.996 0.053 0.024
-0.072 0.996 0.053 0.024
-0.072 0.996 0.053 0.024
-0.072 0.996 0.053 0.024
-0.072 0.996 0.053 0.024
-0.072 0.996 0.053 0.024
-0.072 0.996 0.053 0.024
-0.072 0.996 0.053 0.024
-0.072 0.996 0.053 0.024
-0.072 0.996 0.053 0.024
-0.072 0.996 0.053 0.024
-0.072 0.996 0.053 0.024
-0.072 0.996 0.053 0.024
-0.072 0.996 0.053 0.024
-0.072 0.996 0.053 0.024
-0.072 0.996 0.053 0.024
-0.072 0.996 0.053 0.024
-0.072 0.996 0.053 0.024
-0.072 0.996 0.053 0.024
-0.073 0.996 0.053 0.024
-0.073 0.996 0.053 0.024
-0.073 0.996 0.053 0.024
-0.073 0.996 0.053 0.024
-0.073 0.996 0.053 0.024
-0.073 0.996 0.053 0.024
-0.073 0.996 0.053 0.024
-0.073 0.996 0.053 0.024
-0.073 0.996 0.053 0.024
-0.073 0.996 0.053 0.024
-0.073 0.996 0.053 0.024
-0.073 0.996 0.053 0.024
-0.073 0.996 0.053 0.024
-0.073 0.996 0.053 0.024
-0.073 0.996 0.053 0.024
-0.073 0.996 0.053 0.024
-0.073 0.996 0.053 0.024
-0.073 0.996 0.053 0.024
-0.073 0.996 0.053 0.024
-0.073 0.996 0.053 0.024
-0.073 0.996 0.053 0.024
-0.073 0.996 0.053 0.024
-0.073 0.996 0.053 0.024
-0.073 0.996 0.053 0.024
-0.073 0.996 0.053 0.024
-0.073 0.996 0.053 0.024
-0.074 0.996 0.053 0.024
-0.074 0.996 0.053 0.024
-0.074 0.996 0.053 0.024
-0.074 0.996 0.053 0.024
-0.074 0.996 0.054 0.024
-0.074 0.996 0.054 0.024
-0.074 0.996 0.054 0.024
-0.074 0.996 0.054 0.024
-0.074 0.996 0.054 0.024
-0.074 0.996 0.054 0.024
-0.074 0.996 0.054 0.024
-0.074 0.996 0.054 0.024
-0.074 0.996 0.054 0.024
-0.074 0.996 0.054 0.024
-0.074 0.996 0.054 0.024
-0.074 0.996 0.054 0.024
-0.074 0.996 0.054 0.024
-0.074 0.996 0.054 0.024
-0.074 0.996 0.054 0.024
-0.074 0.996 0.054 0.024
-0.074 0.996 0.054 0.024
-0.074 0.996 0.054 0.024
-0.074 0.995 0.054 0.024
-0.074 0.995 0.054 0.024
-0.074 0.995 0.054 0.024
-0.074 0.995 0.054 0.024
-0.074 0.995 0.054 0.024
-0.075 0.995 0.054 0.024
-0.075 0.995 0.054 0.024
-0.075 0.995 0.054 0.024
-0.075 0.995 0.054 0.024
-0.075 0.995 0.054 0.024
-0.075 0.995 0.054 0.024
-0.075 0.995 0.054 0.024
-0.075 0.995 0.054 0.024
-0.075 0.995 0.054 0.024
-0.075 0.995 0.054 0.024
-0.075 0.995 0.054 0.024
-0.075 0.995 0.054 0.024
-0.075 0.995 0.054 0.024
-0.075 0.995 0.054 0.024
-0.075 0.995 0.054 0.024
-0.075 0.995 0.054 0.024
-0.075 0.995 0.054 0.024
-0.075 0.995 0.054 0.024
-0.075 0.995 0.054 0.024
-0.075 0.995 0.054 0.024
-0.075 0.995 0.054 0.024
-0.075 0.995 0.054 0.024
-0.075 0.995 0.054 0.024
-0.075 0.995 0.054 0.024
-0.075 0.995 0.054 0.024
-0.075 0.995 0.054 0.024
-0.075 0.995 0.054 0.024
-0.075 0.995 0.054 0.024
-0.075 0.995 0.054 0.024
-0.076 0.995 0.054 0.024
-0.076 0.995 0.054 0.024
-0.076 0.995 0.054 0.024
-0.076 0.995 0.054 0.024
-0.076 0.995 0.054 0.024
-0.076 0.995 0.054 0.024
-0.076 0.995 0.054 0.024
-0.076 0.995 0.054 0.024
-0.076 0.995 0.054 0.024
-0.076 0.995 0.054 0.024
-0.076 0.995 0.054 0.024
-0.076 0.995 0.054 0.024
-0.076 0.995 0.054 0.024
-0.076 0.995 0.054 0.024
-0.076 0.995 0.055 0.024
-0.076 0.995 0.055 0.024
-0.076 0.995 0.055 0.024
-0.076 0.995 0.055 0.024
-0.076 0.995 0.055 0.024
-0.076 0.995 0.055 0.024
-0.076 0.995 0.055 0.024
-0.076 0.995 0.055 0.024
-0.076 0.995 0.055 0.024
-0.076 0.995 0.055 0.024
-0.076 0.995 0.055 0.024
-0.076 0.995 0.055 0.024
-0.076 0.995 0.055 0.024
-0.076 0.995 0.055 0.024
-0.076 0.995 0.055 0.024
-0.076 0.995 0.055 0.024
-0.076 0.995 0.055 0.024
-0.077 0.995 0.055 0.024
-0.077 0.995 0.055 0.024
-0.077 0.995 0.055 0.024
-0.077 0.995 0.055 0.024
-0.077 0.995 0.055 0.024
-0.077 0.995 0.055 0.024
-0.077 0.995 0.055 0.024
-0.077 0.995 0.055 0.024
-0.077 0.995 0.055 0.024
-0.077 0.995 0.055 0.024
-0.077 0.995 0.055 0.024
-0.077 0.995 0.055 0.024
-0.077 0.995 0.055 0.024
-0.077 0.995 0.055 0.024
-0.077 0.995 0.055 0.024
-0.077 0.995 0.055 0.024
-0.077 0.995 0.055 0.024
-0.077 0.995 0.055 0.024
-0.077 0.995 0.055 0.024
-0.077 0.995 0.055 0.024
-0.077 0.995 0.055 0.024
-0.077 0.995 0.055 0.024
-0.077 0.995 0.055 0.024
-0.077 0.995 0.055 0.024
-0.077 0.995 0.055 0.024
-0.077 0.995 0.055 0.024
-0.077 0.995 0.055 0.024
-0.077 0.995 0.055 0.024
-0.077 0.995 0.055 0.024
-0.077 0.995 0.055 0.024
-0.077 0.995 0.055 0.024
-0.077 0.995 0.055 0.024
-0.077 0.995 0.055 0.024
-0.077 0.995 0.055 0.024
-0.078 0.995 0.055 0.024
-0.078 0.995 0.055 0.024
-0.078 0.995 0.055 0.024
-0.078 0.995 0.055 0.024
-0.078 0.995 0.055 0.024
-0.078 0.995 0.055 0.024
-0.078 0.995 0.055 0.024
-0.078 0.995 0.055 0.024
-0.078 0.995 0.055 0.024
-0.078 0.995 0.055 0.024
-0.078 0.995 0.055 0.024
-0.078 0.995 0.055 0.024
-0.078 0.995 0.055 0.024
-0.078 0.995 0.055 0.024
-0.078 0.995 0.055 0.024
-0.078 0.995 0.055 0.024
-0.078 0.995 0.055 0.024
-0.078 0.995 0.055 0.024
-0.078 0.995 0.055 0.024
-0.078 0.995 0.055 0.024
-0.078 0.995 0.055 0.024
-0.078 0.995 0.055 0.024
-0.078 0.995 0.055 0.024
-0.078 0.995 0.055 0.024
-0.078 0.995 0.055 0.024
-0.078 0.995 0.055 0.024
-0.078 0.995 0.055 0.024
-0.078 0.995 0.055 0.024
-0.078 0.995 0.055 0.024
-0.078 0.995 0.055 0.024
-0.078 0.995 0.055 0.024
-0.078 0.995 0.055 0.024
-0.078 0.995 0.055 0.024
-0.078 0.995 0.055 0.024
-0.078 0.995 0.055 0.024
-0.078 0.995 0.055 0.024
-0.078 0.995 0.055 0.024
-0.079 0.995 0.055 0.024
-0.079 0.995 0.055 0.024
-0.079 0.995 0.055 0.024
-0.079 0.995 0.055 0.024
-0.079 0.995 0.055 0.024
-0.079 0.995 0.055 0.024
-0.079 0.995 0.055 0.024
-0.079 0.995 0.056 0.024
-0.079 0.995 0.056 0.023
-0.079 0.995 0.056 0.023
-0.079 0.995 0.056 0.023
-0.079 0.995 0.056 0.023
-0.079 0.995 0.056 0.023
-0.079 0.995 0.056 0.023
-0.079 0.995 0.056 0.023
-0.079 0.995 0.056 0.023
-0.079 0.995 0.056 0.023
-0.079 0.995 0.056 0.023
-0.079 0.995 0.056 0.023
-0.079 0.995 0.056 0.023
-0.079 0.995 0.056 0.023
-0.079 0.995 0.056 0.023
-0.079 0.995 0.056 0.023
-0.079 0.995 0.056 0.023
-0.079 0.995 0.056 0.023
-0.079 0.995 0.056 0.023
-0.079 0.995 0.056 0.023
-0.079 0.995 0.056 0.023
-0.079 0.995 0.056 0.023
-0.079 0.995 0.056 0.023
-0.079 0.995 0.056 0.023
-0.079 0.995 0.056 0.023
-0.079 0.995 0.056 0.023
-0.079 0.995 0.056 0.023
-0.079 0.995 0.056 0.023
-0.079 0.995 0.056 0.023
-0.079 0.995 0.056 0.023
-0.079 0.995 0.056 0.023
-0.079 0.995 0.056 0.023
-0.079 0.995 0.056 0.023
-0.079 0.995 0.056 0.023
-0.079 0.995 0.056 0.023
-0.079 0.995 0.056 0.023
-0.079 0.995 0.056 0.023
-0.080 0.995 0.056 0.023
-0.080 0.995 0.056 0.023
-0.080 0.995 0.056 0.023
-0.080 0.995 0.056 0.023
-0.080 0.995 0.056 0.023
-0.080 0.995 0.056 0.023
-0.080 0.995 0.056 0.023
-0.080 0.995 0.056 0.023
-0.080 0.995 0.056 0.023
-0.080 0.995 0.056 0.023
-0.080 0.995 0.056 0.023
-0.080 0.995 0.056 0.023
-0.080 0.995 0.056 0.023
-0.080 0.995 0.056 0.023
-0.080 0.995 0.056 0.023
-0.080 0.995 0.056 0.023
-0.080 0.995 0.056 0.023
-0.080 0.995 0.056 0.023
-0.080 0.995 0.056 0.023
-0.080 0.995 0.056 0.023
-0.080 0.995 0.056 0.023
-0.080 0.995 0.056 0.023
-0.080 0.995 0.056 0.023
-0.080 0.995 0.056 0.023
-0.080 0.995 0.056 0.023
-0.080 0.995 0.056 0.023
-0.080 0.995 0.056 0.023
-0.080 0.995 0.056 0.023
-0.080 0.995 0.056 0.023
-0.080 0.995 0.056 0.023
-0.080 0.995 0.056 0.023
-0.080 0.995 0.056 0.023
-0.080 0.995 0.056 0.023
-0.080 0.995 0.056 0.023
-0.080 0.995 0.056 0.023
-0.080 0.995 0.056 0.023
-0.080 0.995 0.056 0.023
-0.080 0.995 0.056 0.023
-0.080 0.995 0.056 0.023
-0.080 0.995 0.056 0.023
-0.080 0.995 0.056 0.023
-0.080 0.995 0.056 0.023
-0.080 0.995 0.056 0.023
-0.080 0.995 0.056 0.023
-0.080 0.995 0.056 0.023
-0.080 0.995 0.056 0.023
-0.080 0.995 0.056 0.023
-0.080 0.995 0.056 0.023
-0.080 0.995 0.056 0.023
-0.080 0.995 0.056 0.023
-0.080 0.995 0.056 0.023
-0.080 0.995 0.056 0.023
-0.080 0.995 0.056 0.023
-0.080 0.995 0.056 0.023
-0.080 0.995 0.056 0.023
-0.081 0.995 0.056 0.023
-0.081 0.995 0.056 0.023
-0.081 0.995 0.056 0.023
-0.081 0.995 0.056 0.023
-0.081 0.995 0.056 0.023
-0.081 0.995 0.056 0.023
-0.081 0.995 0.056 0.023
-0.081 0.995 0.056 0.023
-0.081 0.995 0.056 0.023
-0.081 0.995 0.056 0.023
-0.081 0.995 0.056 0.023
-0.081 0.995 0.056 0.023
-0.081 0.995 0.056 0.023
-0.081 0.995 0.056 0.023
-0.081 0.995 0.056 0.023
-0.081 0.995 0.056 0.023
-0.081 0.995 0.056 0.023
-0.081 0.995 0.056 0.023
-0.081 0.995 0.056 0.023
