0.000 1.000 -0.000 0.002
0.000 1.000 -0.000 0.002
0.000 1.000 -0.000 0.002
0.000 1.000 -0.000 0.002
0.000 1.000 -0.000 0.002
0.000 1.000 -0.000 0.002
0.000 1.000 -0.000 0.002
0.000 1.000 -0.000 0.002
0.000 1.000 -0.000 0.002
0.000 1.000 -0.000 0.002
0.000 1.000 -0.000 0.002
0.000 1.000 -0.000 0.002
0.000 1.000 -0.000 0.002
0.000 1.000 -0.000 0.002
0.000 1.000 -0.000 0.002
0.000 1.000 0.000 0.002
0.000 1.000 0.000 0.002
0.000 1.000 0.000 0.002
0.000 1.000 0.000 0.002
0.000 1.000 0.000 0.002
0.000 1.000 0.000 0.002
0.000 1.000 0.000 0.002
0.000 1.000 0.000 0.002
0.000 1.000 0.000 0.002
0.000 1.000 0.000 0.002
0.000 1.000 0.000 0.002
0.000 1.000 0.000 0.002
0.000 1.000 0.000 0.002
0.000 1.000 0.000 0.002
0.000 1.000 0.000 0.002
0.000 1.000 0.000 0.002
0.000 1.000 0.000 0.002
0.000 1.000 0.000 0.002
0.000 1.000 0.000 0.002
0.000 1.000 0.000 0.002
0.000 1.000 0.000 0.002
0.000 1.000 0.000 0.002
0.000 1.000 0.000 0.002
0.000 1.000 0.000 0.002
0.000 1.000 0.000 0.002
0.000 1.000 0.000 0.002
0.000 1.000 0.000 0.002
0.000 1.000 0.000 0.002
0.000 1.000 0.000 0.002
0.000 1.000 0.000 0.002
0.000 1.000 0.000 0.002
0.000 1.000 0.000 0.002
0.000 1.000 0.000 0.002
0.000 1.000 0.000 0.002
0.000 1.000 0.000 0.002
0.000 1.000 0.000 0.002
0.000 1.000 0.000 0.002
0.000 1.000 0.000 0.002
0.000 1.000 0.000 0.002
0.000 1.000 0.000 0.002
0.000 1.000 0.000 0.002
0.000 1.000 0.000 0.002
0.000 1.000 0.000 0.002
0.000 1.000 0.000 0.002
0.000 1.000 0.000 0.002
0.000 1.000 0.000 0.002
0.000 1.000 0.000 0.002
0.000 1.000 0.000 0.002
0.000 1.000 0.000 0.002
0.000 1.000 0.000 0.002
0.000 1.000 0.000 0.002
0.000 1.000 0.000 0.002
0.000 1.000 0.000 0.002
0.000 1.000 0.000 0.002
0.000 1.000 0.000 0.002
0.000 1.000 0.000 0.002
0.000 1.000 0.000 0.002
0.000 1.000 0.000 0.002
0.000 1.000 0.000 0.002
0.000 1.000 0.000 0.002
0.000 1.000 0.000 0.002
0.000 1.000 0.000 0.002
0.000 1.000 0.000 0.002
0.000 1.000 0.000 0.002
0.000 1.000 0.000 0.002
0.000 1.000 0.000 0.002
0.000 1.000 0.000 0.002
0.000 1.000 0.000 0.002
0.000 1.000 0.000 0.002
0.000 1.000 0.000 0.002
0.000 1.000 0.000 0.002
0.000 1.000 0.000 0.002
0.000 1.000 0.000 0.002
0.000 1.000 0.000 0.002
0.000 1.000 0.000 0.002
0.000 1.000 0.000 0.002
0.000 1.000 0.000 0.002
0.000 1.000 0.000 0.002
0.000 1.000 0.000 0.002
0.000 1.000 0.000 0.002
0.000 1.000 0.000 0.002
0.000 1.000 0.000 0.002
0.000 1.000 0.000 0.002
0.000 1.000 -0.000 0.002
0.000 1.000 -0.000 0.002
0.000 1.000 -0.000 0.001
0.000 1.000 -0.000 0.001
0.000 1.000 -0.000 0.001
0.000 1.000 -0.000 0.001
0.000 1.000 -0.000 0.001
0.000 1.000 -0.000 0.001
0.000 1.000 -0.000 0.001
0.000 1.000 -0.000 0.001
0.000 1.000 -0.000 0.001
0.000 1.000 -0.000 0.001
0.000 1.000 -0.000 0.001
0.000 1.000 -0.000 0.001
0.000 1.000 -0.000 0.001
0.000 1.000 -0.000 0.001
0.000 1.000 -0.000 0.001
0.000 1.000 -0.000 0.001
0.000 1.000 -0.000 0.001
0.000 1.000 -0.000 0.001
0.000 1.000 -0.000 0.001
0.000 1.000 -0.000 0.001
0.000 1.000 -0.000 0.001
0.000 1.000 -0.000 0.001
0.000 1.000 -0.000 0.001
0.000 1.000 -0.000 0.001
0.001 1.000 -0.000 0.001
0.001 1.000 -0.000 0.001
0.001 1.000 -0.000 0.001
0.001 1.000 -0.000 0.001
0.001 1.000 -0.000 0.001
0.001 1.000 -0.000 0.001
0.001 1.000 -0.000 0.001
0.001 1.000 -0.000 0.001
0.001 1.000 -0.000 0.001
0.001 1.000 -0.000 0.001
0.001 1.000 -0.000 0.001
0.001 1.000 -0.000 0.001
0.001 1.000 -0.000 0.001
0.001 1.000 -0.000 0.001
0.001 1.000 -0.000 0.001
0.001 1.000 -0.000 0.001
0.001 1.000 -0.000 0.001
0.001 1.000 -0.000 0.001
0.001 1.000 -0.000 0.001
0.001 1.000 -0.000 0.001
0.001 1.000 -0.000 0.001
0.001 1.000 -0.000 0.001
0.001 1.000 -0.000 0.001
0.001 1.000 -0.000 0.001
0.001 1.000 -0.000 0.001
0.001 1.000 -0.000 0.001
0.001 1.000 -0.000 0.001
0.001 1.000 -0.000 0.001
0.001 1.000 -0.000 0.001
0.001 1.000 -0.000 0.001
0.001 1.000 -0.000 0.001
0.001 1.000 -0.000 0.001
0.001 1.000 -0.000 0.001
0.001 1.000 -0.000 0.001
0.001 1.000 -0.000 0.001
0.001 1.000 -0.000 0.001
0.001 1.000 -0.000 0.001
0.001 1.000 -0.000 0.001
0.001 1.000 -0.000 0.001
0.001 1.000 -0.000 0.001
0.001 1.000 -0.000 0.001
0.001 1.000 -0.000 0.001
0.001 1.000 -0.000 0.001
0.001 1.000 -0.000 0.001
0.001 1.000 -0.000 0.001
0.001 1.000 -0.000 0.001
0.001 1.000 -0.000 0.001
0.001 1.000 -0.000 0.001
0.001 1.000 -0.000 0.001
0.001 1.000 -0.000 0.001
0.001 1.000 -0.000 0.001
0.001 1.000 -0.000 0.001
0.001 1.000 -0.000 0.001
0.001 1.000 -0.000 0.001
0.001 1.000 -0.000 0.001
0.001 1.000 -0.000 0.001
0.001 1.000 -0.001 0.001
0.001 1.000 -0.001 0.001
0.001 1.000 -0.001 0.001
0.001 1.000 -0.001 0.001
0.001 1.000 -0.001 0.001
0.001 1.000 -0.001 0.001
0.001 1.000 -0.001 0.001
0.001 1.000 -0.001 0.001
0.001 1.000 -0.001 0.001
0.001 1.000 -0.001 0.001
0.001 1.000 -0.001 0.001
0.001 1.000 -0.001 0.001
0.001 1.000 -0.001 0.001
0.001 1.000 -0.001 0.001
0.001 1.000 -0.001 0.001
0.001 1.000 -0.001 0.001
0.001 1.000 -0.001 0.001
0.001 1.000 -0.001 0.001
0.001 1.000 -0.001 0.001
0.001 1.000 -0.001 0.001
0.001 1.000 -0.001 0.000
0.001 1.000 -0.001 0.000
0.001 1.000 -0.001 0.000
0.001 1.000 -0.001 0.000
0.001 1.000 -0.001 0.000
0.001 1.000 -0.001 0.000
0.001 1.000 -0.001 0.000
0.001 1.000 -0.001 0.000
0.001 1.000 -0.001 0.000
0.001 1.000 -0.001 0.000
0.001 1.000 -0.001 0.000
0.001 1.000 -0.001 0.000
0.001 1.000 -0.001 0.000
0.001 1.000 -0.001 0.000
0.001 1.000 -0.001 0.000
0.001 1.000 -0.001 0.000
0.001 1.000 -0.001 0.000
0.001 1.000 -0.001 0.000
0.001 1.000 -0.001 0.000
0.001 1.000 -0.001 0.000
0.001 1.000 -0.001 0.000
0.001 1.000 -0.001 0.000
0.001 1.000 -0.001 0.000
0.001 1.000 -0.001 0.000
0.001 1.000 -0.001 0.000
0.001 1.000 -0.001 0.000
0.001 1.000 -0.001 0.000
0.001 1.000 -0.001 0.000
0.001 1.000 -0.001 0.000
0.001 1.000 -0.001 0.000
0.001 1.000 -0.001 0.000
0.001 1.000 -0.001 0.000
0.001 1.000 -0.001 0.000
0.001 1.000 -0.001 0.000
0.001 1.000 -0.001 0.000
0.001 1.000 -0.001 0.000
0.001 1.000 -0.001 0.000
0.001 1.000 -0.001 0.000
0.001 1.000 -0.001 0.000
0.001 1.000 -0.001 0.000
0.001 1.000 -0.001 0.000
0.001 1.000 -0.001 0.000
0.001 1.000 -0.001 0.000
0.001 1.000 -0.001 0.000
0.001 1.000 -0.001 0.000
0.001 1.000 -0.001 -0.000
0.001 1.000 -0.001 -0.000
0.001 1.000 -0.001 -0.000
0.001 1.000 -0.001 -0.000
0.001 1.000 -0.001 -0.000
0.001 1.000 -0.001 -0.000
0.001 1.000 -0.001 -0.000
0.001 1.000 -0.001 -0.000
0.001 1.000 -0.001 -0.000
0.002 1.000 -0.001 -0.000
0.002 1.000 -0.001 -0.000
0.002 1.000 -0.001 -0.000
0.002 1.000 -0.001 -0.000
0.002 1.000 -0.001 -0.000
0.002 1.000 -0.001 -0.000
0.002 1.000 -0.001 -0.000
0.002 1.000 -0.001 -0.000
0.002 1.000 -0.001 -0.000
0.002 1.000 -0.001 -0.000
0.002 1.000 -0.001 -0.000
0.002 1.000 -0.001 -0.000
0.002 1.000 -0.001 -0.000
0.002 1.000 -0.001 -0.000
0.002 1.000 -0.001 -0.000
0.002 1.000 -0.001 -0.000
0.002 1.000 -0.001 -0.000
0.002 1.000 -0.001 -0.000
0.002 1.000 -0.001 -0.000
0.002 1.000 -0.001 -0.000
0.002 1.000 -0.001 -0.000
0.002 1.000 -0.001 -0.000
0.002 1.000 -0.001 -0.000
0.002 1.000 -0.001 -0.000
0.002 1.000 -0.001 -0.000
0.002 1.000 -0.001 -0.000
0.002 1.000 -0.001 -0.000
0.002 1.000 -0.001 -0.000
0.002 1.000 -0.001 -0.000
0.002 1.000 -0.001 -0.000
0.002 1.000 -0.001 -0.000
0.002 1.000 -0.001 -0.000
0.002 1.000 -0.001 -0.000
0.002 1.000 -0.001 -0.000
0.002 1.000 -0.001 -0.000
0.002 1.000 -0.001 -0.000
0.002 1.000 -0.001 -0.000
0.002 1.000 -0.001 -0.000
0.002 1.000 -0.001 -0.000
0.002 1.000 -0.001 -0.001
0.002 1.000 -0.001 -0.001
0.002 1.000 -0.001 -0.001
0.002 1.000 -0.001 -0.001
0.002 1.000 -0.001 -0.001
0.002 1.000 -0.001 -0.001
0.002 1.000 -0.001 -0.001
0.002 1.000 -0.001 -0.001
0.002 1.000 -0.001 -0.001
0.002 1.000 -0.001 -0.001
0.002 1.000 -0.002 -0.001
0.002 1.000 -0.002 -0.001
0.002 1.000 -0.002 -0.001
0.002 1.000 -0.002 -0.001
0.002 1.000 -0.002 -0.001
0.002 1.000 -0.002 -0.001
0.002 1.000 -0.002 -0.001
0.002 1.000 -0.002 -0.001
0.002 1.000 -0.002 -0.001
0.002 1.000 -0.002 -0.001
0.002 1.000 -0.002 -0.001
0.002 1.000 -0.002 -0.001
0.002 1.000 -0.002 -0.001
0.002 1.000 -0.002 -0.001
0.002 1.000 -0.002 -0.001
0.002 1.000 -0.002 -0.001
0.002 1.000 -0.002 -0.001
0.002 1.000 -0.002 -0.001
0.002 1.000 -0.002 -0.001
0.002 1.000 -0.002 -0.001
0.002 1.000 -0.002 -0.001
0.002 1.000 -0.002 -0.001
0.002 1.000 -0.002 -0.001
0.002 1.000 -0.002 -0.001
0.002 1.000 -0.002 -0.001
0.002 1.000 -0.002 -0.001
0.002 1.000 -0.002 -0.001
0.002 1.000 -0.002 -0.001
0.002 1.000 -0.002 -0.001
0.002 1.000 -0.002 -0.001
0.002 1.000 -0.002 -0.001
0.002 1.000 -0.002 -0.001
0.002 1.000 -0.002 -0.001
0.002 1.000 -0.002 -0.001
0.002 1.000 -0.002 -0.001
0.002 1.000 -0.002 -0.001
0.002 1.000 -0.002 -0.001
0.002 1.000 -0.002 -0.001
0.002 1.000 -0.002 -0.001
0.002 1.000 -0.002 -0.001
0.002 1.000 -0.002 -0.001
0.002 1.000 -0.002 -0.001
0.002 1.000 -0.002 -0.001
0.002 1.000 -0.002 -0.001
0.002 1.000 -0.002 -0.001
0.002 1.000 -0.002 -0.001
0.002 1.000 -0.002 -0.001
0.002 1.000 -0.002 -0.001
0.002 1.000 -0.002 -0.001
0.002 1.000 -0.002 -0.001
0.002 1.000 -0.002 -0.001
0.002 1.000 -0.002 -0.001
0.002 1.000 -0.002 -0.001
0.002 1.000 -0.002 -0.001
0.002 1.000 -0.002 -0.001
0.002 1.000 -0.002 -0.001
0.002 1.000 -0.002 -0.001
0.002 1.000 -0.002 -0.001
0.002 1.000 -0.002 -0.001
0.002 1.000 -0.002 -0.001
0.002 1.000 -0.002 -0.001
0.002 1.000 -0.002 -0.001
0.002 1.000 -0.002 -0.001
0.002 1.000 -0.002 -0.001
0.002 1.000 -0.002 -0.001
0.002 1.000 -0.002 -0.001
0.002 1.000 -0.002 -0.001
0.002 1.000 -0.002 -0.001
0.002 1.000 -0.002 -0.001
0.002 1.000 -0.002 -0.001
0.002 1.000 -0.002 -0.001
0.002 1.000 -0.002 -0.001
0.002 1.000 -0.002 -0.001
0.002 1.000 -0.002 -0.001
0.002 1.000 -0.002 -0.001
0.002 1.000 -0.002 -0.001
0.002 1.000 -0.002 -0.001
0.002 1.000 -0.002 -0.001
0.002 1.000 -0.002 -0.001
0.002 1.000 -0.002 -0.001
0.002 1.000 -0.002 -0.001
0.002 1.000 -0.002 -0.001
0.002 1.000 -0.002 -0.001
0.002 1.000 -0.002 -0.001
0.002 1.000 -0.002 -0.001
0.002 1.000 -0.002 -0.001
0.002 1.000 -0.002 -0.001
0.002 1.000 -0.002 -0.001
0.002 1.000 -0.002 -0.001
0.002 1.000 -0.002 -0.001
0.002 1.000 -0.002 -0.001
0.002 1.000 -0.002 -0.001
0.002 1.000 -0.002 -0.001
0.002 1.000 -0.002 -0.001
0.002 1.000 -0.002 -0.001
0.002 1.000 -0.002 -0.001
0.002 1.000 -0.002 -0.001
0.002 1.000 -0.002 -0.001
0.002 1.000 -0.002 -0.001
0.002 1.000 -0.002 -0.001
0.002 1.000 -0.002 -0.001
0.002 1.000 -0.002 -0.001
0.002 1.000 -0.002 -0.001
0.002 1.000 -0.002 -0.001
0.002 1.000 -0.002 -0.001
0.002 1.000 -0.002 -0.001
0.002 1.000 -0.002 -0.001
0.002 1.000 -0.002 -0.001
0.002 1.000 -0.002 -0.001
0.002 1.000 -0.002 -0.001
0.002 1.000 -0.002 -0.001
0.002 1.000 -0.002 -0.002
0.002 1.000 -0.002 -0.002
0.002 1.000 -0.002 -0.002
0.002 1.000 -0.002 -0.002
0.002 1.000 -0.002 -0.002
0.002 1.000 -0.002 -0.002
0.002 1.000 -0.002 -0.002
0.002 1.000 -0.002 -0.002
0.002 1.000 -0.002 -0.002
0.002 1.000 -0.002 -0.002
0.002 1.000 -0.002 -0.002
0.002 1.000 -0.002 -0.002
0.002 1.000 -0.002 -0.002
0.002 1.000 -0.002 -0.002
0.002 1.000 -0.002 -0.002
0.002 1.000 -0.002 -0.002
0.002 1.000 -0.002 -0.002
0.002 1.000 -0.002 -0.002
0.002 1.000 -0.002 -0.002
0.002 1.000 -0.002 -0.002
0.002 1.000 -0.002 -0.002
0.002 1.000 -0.002 -0.002
0.002 1.000 -0.002 -0.002
0.002 1.000 -0.002 -0.002
0.002 1.000 -0.002 -0.002
0.002 1.000 -0.002 -0.002
0.002 1.000 -0.002 -0.002
0.002 1.000 -0.002 -0.002
0.002 1.000 -0.002 -0.002
0.002 1.000 -0.002 -0.002
0.002 1.000 -0.002 -0.002
0.002 1.000 -0.002 -0.002
0.002 1.000 -0.002 -0.002
0.002 1.000 -0.002 -0.002
0.002 1.000 -0.002 -0.002
0.002 1.000 -0.002 -0.002
0.002 1.000 -0.002 -0.002
0.002 1.000 -0.002 -0.002
0.002 1.000 -0.002 -0.002
0.002 1.000 -0.002 -0.002
0.002 1.000 -0.002 -0.002
0.002 1.000 -0.002 -0.002
0.002 1.000 -0.002 -0.002
0.002 1.000 -0.002 -0.002
0.002 1.000 -0.002 -0.002
0.002 1.000 -0.002 -0.002
0.002 1.000 -0.002 -0.002
0.002 1.000 -0.002 -0.002
0.002 1.000 -0.002 -0.002
0.002 1.000 -0.002 -0.002
0.002 1.000 -0.002 -0.002
0.002 1.000 -0.002 -0.002
0.002 1.000 -0.002 -0.002
0.002 1.000 -0.002 -0.002
0.002 1.000 -0.002 -0.002
0.002 1.000 -0.002 -0.002
0.002 1.000 -0.002 -0.002
0.002 1.000 -0.002 -0.002
0.002 1.000 -0.002 -0.002
0.002 1.000 -0.002 -0.002
0.002 1.000 -0.002 -0.002
0.002 1.000 -0.002 -0.002
0.002 1.000 -0.002 -0.002
0.002 1.000 -0.002 -0.002
0.002 1.000 -0.002 -0.002
0.002 1.000 -0.002 -0.002
0.002 1.000 -0.002 -0.002
0.002 1.000 -0.002 -0.002
0.002 1.000 -0.002 -0.002
0.002 1.000 -0.002 -0.002
0.002 1.000 -0.002 -0.002
0.002 1.000 -0.002 -0.002
0.002 1.000 -0.002 -0.002
0.002 1.000 -0.002 -0.002
0.002 1.000 -0.002 -0.002
0.002 1.000 -0.002 -0.002
0.002 1.000 -0.002 -0.002
0.002 1.000 -0.002 -0.002
0.002 1.000 -0.002 -0.002
0.002 1.000 -0.002 -0.002
0.002 1.000 -0.002 -0.002
0.002 1.000 -0.002 -0.002
0.002 1.000 -0.002 -0.002
0.002 1.000 -0.002 -0.002
0.002 1.000 -0.002 -0.002
0.002 1.000 -0.002 -0.002
0.002 1.000 -0.002 -0.002
0.002 1.000 -0.002 -0.002
0.002 1.000 -0.002 -0.002
0.002 1.000 -0.002 -0.002
0.002 1.000 -0.002 -0.002
0.002 1.000 -0.002 -0.002
0.002 1.000 -0.002 -0.002
0.002 1.000 -0.002 -0.002
0.002 1.000 -0.002 -0.002
0.002 1.000 -0.002 -0.002
0.002 1.000 -0.002 -0.002
0.002 1.000 -0.002 -0.002
0.002 1.000 -0.002 -0.002
0.002 1.000 -0.002 -0.002
0.002 1.000 -0.002 -0.002
0.002 1.000 -0.002 -0.002
0.002 1.000 -0.002 -0.002
0.002 1.000 -0.002 -0.002
0.002 1.000 -0.002 -0.002
0.002 1.000 -0.002 -0.002
0.002 1.000 -0.002 -0.002
0.002 1.000 -0.002 -0.002
0.002 1.000 -0.002 -0.002
0.002 1.000 -0.002 -0.002
0.002 1.000 -0.002 -0.002
0.002 1.000 -0.002 -0.002
0.002 1.000 -0.002 -0.002
0.002 1.000 -0.002 -0.002
0.002 1.000 -0.002 -0.002
0.002 1.000 -0.002 -0.002
0.002 1.000 -0.002 -0.002
0.002 1.000 -0.002 -0.002
0.002 1.000 -0.002 -0.002
0.002 1.000 -0.002 -0.002
0.002 1.000 -0.002 -0.002
0.002 1.000 -0.002 -0.002
0.002 1.000 -0.002 -0.002
0.002 1.000 -0.002 -0.002
0.002 1.000 -0.002 -0.002
0.002 1.000 -0.002 -0.002
0.002 1.000 -0.002 -0.002
0.002 1.000 -0.002 -0.002
0.002 1.000 -0.002 -0.002
0.002 1.000 -0.002 -0.002
0.002 1.000 -0.002 -0.002
0.002 1.000 -0.002 -0.002
0.002 1.000 -0.002 -0.002
0.002 1.000 -0.002 -0.002
0.002 1.000 -0.002 -0.002
0.002 1.000 -0.002 -0.002
0.002 1.000 -0.002 -0.002
0.002 1.000 -0.002 -0.002
0.002 1.000 -0.002 -0.002
0.002 1.000 -0.002 -0.002
0.002 1.000 -0.002 -0.002
0.002 1.000 -0.002 -0.002
0.002 1.000 -0.002 -0.002
0.002 1.000 -0.002 -0.002
0.002 1.000 -0.002 -0.002
0.002 1.000 -0.002 -0.002
0.002 1.000 -0.002 -0.002
0.002 1.000 -0.002 -0.002
0.002 1.000 -0.002 -0.002
0.002 1.000 -0.002 -0.002
0.002 1.000 -0.002 -0.002
0.002 1.000 -0.002 -0.002
0.002 1.000 -0.002 -0.002
0.002 1.000 -0.002 -0.002
0.002 1.000 -0.002 -0.002
0.002 1.000 -0.002 -0.002
0.002 1.000 -0.002 -0.002
0.002 1.000 -0.002 -0.002
0.002 1.000 -0.002 -0.002
0.002 1.000 -0.002 -0.002
0.002 1.000 -0.002 -0.002
0.002 1.000 -0.002 -0.002
0.002 1.000 -0.002 -0.002
0.002 1.000 -0.002 -0.002
0.002 1.000 -0.002 -0.002
0.002 1.000 -0.002 -0.002
0.002 1.000 -0.002 -0.002
0.002 1.000 -0.002 -0.002
0.002 1.000 -0.001 -0.002
0.002 1.000 -0.001 -0.002
0.002 1.000 -0.001 -0.002
0.002 1.000 -0.001 -0.002
0.002 1.000 -0.001 -0.002
0.002 1.000 -0.001 -0.002
0.002 1.000 -0.001 -0.002
0.002 1.000 -0.001 -0.002
0.002 1.000 -0.001 -0.002
0.002 1.000 -0.001 -0.002
0.002 1.000 -0.001 -0.002
0.002 1.000 -0.001 -0.002
0.002 1.000 -0.001 -0.002
0.002 1.000 -0.001 -0.002
0.002 1.000 -0.001 -0.002
0.002 1.000 -0.001 -0.002
0.002 1.000 -0.001 -0.002
0.002 1.000 -0.001 -0.002
0.002 1.000 -0.001 -0.002
0.002 1.000 -0.001 -0.002
0.002 1.000 -0.001 -0.002
0.002 1.000 -0.001 -0.002
0.002 1.000 -0.001 -0.002
0.002 1.000 -0.001 -0.002
0.002 1.000 -0.001 -0.002
0.002 1.000 -0.001 -0.002
0.002 1.000 -0.001 -0.002
0.002 1.000 -0.001 -0.002
0.002 1.000 -0.001 -0.002
0.002 1.000 -0.001 -0.002
0.002 1.000 -0.001 -0.002
0.002 1.000 -0.001 -0.002
0.002 1.000 -0.001 -0.002
0.002 1.000 -0.001 -0.002
0.002 1.000 -0.001 -0.002
0.002 1.000 -0.001 -0.002
0.002 1.000 -0.001 -0.002
0.002 1.000 -0.001 -0.002
0.002 1.000 -0.001 -0.002
0.002 1.000 -0.001 -0.002
0.002 1.000 -0.001 -0.002
0.002 1.000 -0.001 -0.002
0.002 1.000 -0.001 -0.002
0.002 1.000 -0.001 -0.002
0.002 1.000 -0.001 -0.002
0.002 1.000 -0.001 -0.002
0.002 1.000 -0.001 -0.002
0.002 1.000 -0.001 -0.002
0.002 1.000 -0.001 -0.002
0.001 1.000 -0.001 -0.002
0.001 1.000 -0.001 -0.002
0.001 1.000 -0.001 -0.002
0.001 1.000 -0.001 -0.002
0.001 1.000 -0.001 -0.002
0.001 1.000 -0.001 -0.002
0.001 1.000 -0.001 -0.002
0.001 1.000 -0.001 -0.002
0.001 1.000 -0.001 -0.002
0.001 1.000 -0.001 -0.002
0.001 1.000 -0.001 -0.002
0.001 1.000 -0.001 -0.002
0.001 1.000 -0.001 -0.002
0.001 1.000 -0.001 -0.002
0.001 1.000 -0.001 -0.002
0.001 1.000 -0.001 -0.002
0.001 1.000 -0.001 -0.002
0.001 1.000 -0.001 -0.002
0.001 1.000 -0.001 -0.002
0.001 1.000 -0.001 -0.002
0.001 1.000 -0.001 -0.002
0.001 1.000 -0.001 -0.002
0.001 1.000 -0.001 -0.002
0.001 1.000 -0.001 -0.002
0.001 1.000 -0.001 -0.002
0.001 1.000 -0.001 -0.002
0.001 1.000 -0.001 -0.002
0.001 1.000 -0.001 -0.002
0.001 1.000 -0.000 -0.002
0.001 1.000 -0.000 -0.001
0.001 1.000 -0.000 -0.001
0.001 1.000 -0.000 -0.001
0.001 1.000 -0.000 -0.001
0.001 1.000 -0.000 -0.001
0.001 1.000 -0.000 -0.001
0.001 1.000 -0.000 -0.001
0.001 1.000 -0.000 -0.001
0.001 1.000 -0.000 -0.001
0.001 1.000 -0.000 -0.001
0.001 1.000 -0.000 -0.001
0.001 1.000 -0.000 -0.001
0.001 1.000 -0.000 -0.001
0.001 1.000 -0.000 -0.001
0.001 1.000 -0.000 -0.001
0.001 1.000 -0.000 -0.001
0.001 1.000 -0.000 -0.001
0.001 1.000 -0.000 -0.001
0.001 1.000 -0.000 -0.001
0.001 1.000 -0.000 -0.001
0.001 1.000 -0.000 -0.001
0.001 1.000 -0.000 -0.001
0.001 1.000 -0.000 -0.001
0.001 1.000 -0.000 -0.001
0.001 1.000 -0.000 -0.001
0.001 1.000 -0.000 -0.001
0.001 1.000 -0.000 -0.001
0.001 1.000 0.000 -0.001
0.001 1.000 0.000 -0.001
0.001 1.000 0.000 -0.001
0.001 1.000 0.000 -0.001
0.001 1.000 0.000 -0.001
0.001 1.000 0.000 -0.001
0.001 1.000 0.000 -0.001
0.001 1.000 0.000 -0.001
0.001 1.000 0.000 -0.001
0.001 1.000 0.000 -0.001
0.001 1.000 0.000 -0.001
0.001 1.000 0.000 -0.001
0.001 1.000 0.000 -0.001
0.001 1.000 0.000 -0.001
0.001 1.000 0.000 -0.001
0.001 1.000 0.000 -0.001
0.001 1.000 0.000 -0.001
0.000 1.000 0.000 -0.001
0.000 1.000 0.000 -0.001
0.000 1.000 0.000 -0.001
0.000 1.000 0.000 -0.001
0.000 1.000 0.000 -0.001
0.000 1.000 0.000 -0.001
0.000 1.000 0.000 -0.001
0.000 1.000 0.000 -0.001
0.000 1.000 0.001 -0.001
0.000 1.000 0.001 -0.001
0.000 1.000 0.001 -0.001
0.000 1.000 0.001 -0.001
0.000 1.000 0.001 -0.001
0.000 1.000 0.001 -0.001
0.000 1.000 0.001 -0.001
0.000 1.000 0.001 -0.001
0.000 1.000 0.001 -0.001
0.000 1.000 0.001 -0.001
0.000 1.000 0.001 -0.001
0.000 1.000 0.001 -0.001
0.000 1.000 0.001 -0.001
0.000 1.000 0.001 -0.001
0.000 1.000 0.001 -0.001
0.000 1.000 0.001 -0.001
0.000 1.000 0.001 -0.001
0.000 1.000 0.001 -0.001
0.000 1.000 0.001 -0.001
0.000 1.000 0.001 -0.001
0.000 1.000 0.001 -0.001
-0.000 1.000 0.001 -0.001
-0.000 1.000 0.001 -0.001
-0.000 1.000 0.001 -0.001
-0.000 1.000 0.001 -0.001
-0.000 1.000 0.001 -0.001
-0.000 1.000 0.001 -0.001
-0.000 1.000 0.001 -0.001
-0.000 1.000 0.001 -0.001
-0.000 1.000 0.001 -0.001
-0.000 1.000 0.001 -0.001
-0.000 1.000 0.001 -0.001
-0.000 1.000 0.001 -0.001
-0.000 1.000 0.001 -0.001
-0.000 1.000 0.001 -0.001
-0.000 1.000 0.001 -0.001
-0.000 1.000 0.001 -0.001
-0.000 1.000 0.001 -0.001
-0.000 1.000 0.001 -0.001
-0.000 1.000 0.001 -0.001
-0.000 1.000 0.001 -0.001
-0.000 1.000 0.001 -0.001
-0.000 1.000 0.001 -0.001
-0.000 1.000 0.001 -0.001
-0.000 1.000 0.001 -0.001
-0.000 1.000 0.002 -0.001
-0.000 1.000 0.002 -0.001
-0.001 1.000 0.002 -0.001
-0.001 1.000 0.002 -0.001
-0.001 1.000 0.002 -0.001
-0.001 1.000 0.002 -0.001
-0.001 1.000 0.002 -0.001
-0.001 1.000 0.002 -0.001
-0.001 1.000 0.002 -0.001
-0.001 1.000 0.002 -0.001
-0.001 1.000 0.002 -0.001
-0.001 1.000 0.002 -0.000
-0.001 1.000 0.002 -0.000
-0.001 1.000 0.002 -0.000
-0.001 1.000 0.002 -0.000
-0.001 1.000 0.002 -0.000
-0.001 1.000 0.002 -0.000
-0.001 1.000 0.002 -0.000
-0.001 1.000 0.002 -0.000
-0.001 1.000 0.002 -0.000
-0.001 1.000 0.002 -0.000
-0.001 1.000 0.002 -0.000
-0.001 1.000 0.002 -0.000
-0.001 1.000 0.002 -0.000
-0.001 1.000 0.002 -0.000
-0.001 1.000 0.002 -0.000
-0.001 1.000 0.002 -0.000
-0.001 1.000 0.002 -0.000
-0.001 1.000 0.002 -0.000
-0.001 1.000 0.002 -0.000
-0.001 1.000 0.002 -0.000
-0.001 1.000 0.002 -0.000
-0.001 1.000 0.002 -0.000
-0.001 1.000 0.002 -0.000
-0.001 1.000 0.002 -0.000
-0.001 1.000 0.002 -0.000
-0.001 1.000 0.002 -0.000
-0.001 1.000 0.002 -0.000
-0.001 1.000 0.003 -0.000
-0.001 1.000 0.003 -0.000
-0.001 1.000 0.003 -0.000
-0.001 1.000 0.003 -0.000
-0.001 1.000 0.003 -0.000
-0.001 1.000 0.003 -0.000
-0.001 1.000 0.003 -0.000
-0.001 1.000 0.003 -0.000
-0.001 1.000 0.003 -0.000
-0.002 1.000 0.003 -0.000
-0.002 1.000 0.003 -0.000
-0.002 1.000 0.003 -0.000
-0.002 1.000 0.003 0.000
-0.002 1.000 0.003 0.000
-0.002 1.000 0.003 0.000
-0.002 1.000 0.003 0.000
-0.002 1.000 0.003 0.000
-0.002 1.000 0.003 0.000
-0.002 1.000 0.003 0.000
-0.002 1.000 0.003 0.000
-0.002 1.000 0.003 0.000
-0.002 1.000 0.003 0.000
-0.002 1.000 0.003 0.000
-0.002 1.000 0.003 0.000
-0.002 1.000 0.003 0.000
-0.002 1.000 0.003 0.000
-0.002 1.000 0.003 0.000
-0.002 1.000 0.003 0.000
-0.002 1.000 0.003 0.000
-0.002 1.000 0.003 0.000
-0.002 1.000 0.003 0.000
-0.002 1.000 0.003 0.000
-0.002 1.000 0.003 0.000
-0.002 1.000 0.003 0.000
-0.002 1.000 0.004 0.000
-0.002 1.000 0.004 0.000
-0.002 1.000 0.004 0.000
-0.002 1.000 0.004 0.000
-0.002 1.000 0.004 0.000
-0.002 1.000 0.004 0.000
-0.002 1.000 0.004 0.000
-0.002 1.000 0.004 0.000
-0.002 1.000 0.004 0.000
-0.002 1.000 0.004 0.000
-0.002 1.000 0.004 0.000
-0.002 1.000 0.004 0.000
-0.002 1.000 0.004 0.000
-0.002 1.000 0.004 0.001
-0.002 1.000 0.004 0.001
-0.003 1.000 0.004 0.001
-0.003 1.000 0.004 0.001
-0.003 1.000 0.004 0.001
-0.003 1.000 0.004 0.001
-0.003 1.000 0.004 0.001
-0.003 1.000 0.004 0.001
-0.003 1.000 0.004 0.001
-0.003 1.000 0.004 0.001
-0.003 1.000 0.004 0.001
-0.003 1.000 0.004 0.001
-0.003 1.000 0.004 0.001
-0.003 1.000 0.004 0.001
-0.003 1.000 0.004 0.001
-0.003 1.000 0.004 0.001
-0.003 1.000 0.004 0.001
-0.003 1.000 0.004 0.001
-0.003 1.000 0.004 0.001
-0.003 1.000 0.005 0.001
-0.003 1.000 0.005 0.001
-0.003 1.000 0.005 0.001
-0.003 1.000 0.005 0.001
-0.003 1.000 0.005 0.001
-0.003 1.000 0.005 0.001
-0.003 1.000 0.005 0.001
-0.003 1.000 0.005 0.001
-0.003 1.000 0.005 0.001
-0.003 1.000 0.005 0.001
-0.003 1.000 0.005 0.001
-0.003 1.000 0.005 0.001
-0.003 1.000 0.005 0.001
-0.003 1.000 0.005 0.001
-0.003 1.000 0.005 0.001
-0.003 1.000 0.005 0.001
-0.003 1.000 0.005 0.001
-0.003 1.000 0.005 0.001
-0.003 1.000 0.005 0.001
-0.003 1.000 0.005 0.001
-0.004 1.000 0.005 0.001
-0.004 1.000 0.005 0.001
-0.004 1.000 0.005 0.001
-0.004 1.000 0.005 0.001
-0.004 1.000 0.005 0.001
-0.004 1.000 0.005 0.001
-0.004 1.000 0.005 0.001
-0.004 1.000 0.005 0.001
-0.004 1.000 0.005 0.001
-0.004 1.000 0.005 0.001
-0.004 1.000 0.006 0.001
-0.004 1.000 0.006 0.001
-0.004 1.000 0.006 0.001
-0.004 1.000 0.006 0.001
-0.004 1.000 0.006 0.001
-0.004 1.000 0.006 0.001
-0.004 1.000 0.006 0.001
-0.004 1.000 0.006 0.001
-0.004 1.000 0.006 0.001
-0.004 1.000 0.006 0.001
-0.004 1.000 0.006 0.001
-0.004 1.000 0.006 0.001
-0.004 1.000 0.006 0.002
-0.004 1.000 0.006 0.002
-0.004 1.000 0.006 0.002
-0.004 1.000 0.006 0.002
-0.004 1.000 0.006 0.002
-0.004 1.000 0.006 0.002
-0.004 1.000 0.006 0.002
-0.004 1.000 0.006 0.002
-0.004 1.000 0.006 0.002
-0.004 1.000 0.006 0.002
-0.004 1.000 0.006 0.002
-0.005 1.000 0.006 0.002
-0.005 1.000 0.006 0.002
-0.005 1.000 0.006 0.002
-0.005 1.000 0.006 0.002
-0.005 1.000 0.007 0.002
-0.005 1.000 0.007 0.002
-0.005 1.000 0.007 0.002
-0.005 1.000 0.007 0.002
-0.005 1.000 0.007 0.002
-0.005 1.000 0.007 0.002
-0.005 1.000 0.007 0.002
-0.005 1.000 0.007 0.002
-0.005 1.000 0.007 0.002
-0.005 1.000 0.007 0.002
-0.005 1.000 0.007 0.002
-0.005 1.000 0.007 0.002
-0.005 1.000 0.007 0.002
-0.005 1.000 0.007 0.002
-0.005 1.000 0.007 0.002
-0.005 1.000 0.007 0.002
-0.005 1.000 0.007 0.002
-0.005 1.000 0.007 0.002
-0.005 1.000 0.007 0.002
-0.005 1.000 0.007 0.002
-0.005 1.000 0.007 0.002
-0.005 1.000 0.007 0.002
-0.005 1.000 0.007 0.002
-0.005 1.000 0.007 0.002
-0.005 1.000 0.007 0.002
-0.005 1.000 0.007 0.002
-0.005 1.000 0.007 0.002
-0.006 1.000 0.008 0.002
-0.006 1.000 0.008 0.002
-0.006 1.000 0.008 0.002
-0.006 1.000 0.008 0.002
-0.006 1.000 0.008 0.002
-0.006 1.000 0.008 0.002
-0.006 1.000 0.008 0.002
-0.006 1.000 0.008 0.002
-0.006 1.000 0.008 0.002
-0.006 1.000 0.008 0.002
-0.006 1.000 0.008 0.002
-0.006 1.000 0.008 0.002
-0.006 1.000 0.008 0.002
-0.006 1.000 0.008 0.003
-0.006 1.000 0.008 0.003
-0.006 1.000 0.008 0.003
-0.006 1.000 0.008 0.003
-0.006 1.000 0.008 0.003
-0.006 1.000 0.008 0.003
-0.006 1.000 0.008 0.003
-0.006 1.000 0.008 0.003
-0.006 1.000 0.008 0.003
-0.006 1.000 0.008 0.003
-0.006 1.000 0.008 0.003
-0.006 1.000 0.008 0.003
-0.006 1.000 0.009 0.003
-0.006 1.000 0.009 0.003
-0.006 1.000 0.009 0.003
-0.006 1.000 0.009 0.003
-0.006 1.000 0.009 0.003
-0.007 1.000 0.009 0.003
-0.007 1.000 0.009 0.003
-0.007 1.000 0.009 0.003
-0.007 1.000 0.009 0.003
-0.007 1.000 0.009 0.003
-0.007 1.000 0.009 0.003
-0.007 1.000 0.009 0.003
-0.007 1.000 0.009 0.003
-0.007 1.000 0.009 0.003
-0.007 1.000 0.009 0.003
-0.007 1.000 0.009 0.003
-0.007 1.000 0.009 0.003
-0.007 1.000 0.009 0.003
-0.007 1.000 0.009 0.003
-0.007 1.000 0.009 0.003
-0.007 1.000 0.009 0.003
-0.007 1.000 0.009 0.003
-0.007 1.000 0.009 0.003
-0.007 1.000 0.009 0.003
-0.007 1.000 0.009 0.003
-0.007 1.000 0.010 0.003
-0.007 1.000 0.010 0.003
-0.007 1.000 0.010 0.003
-0.007 1.000 0.010 0.003
-0.007 1.000 0.010 0.003
-0.007 1.000 0.010 0.003
-0.007 1.000 0.010 0.003
-0.007 1.000 0.010 0.003
-0.008 1.000 0.010 0.003
-0.008 1.000 0.010 0.003
-0.008 1.000 0.010 0.003
-0.008 1.000 0.010 0.003
-0.008 1.000 0.010 0.003
-0.008 1.000 0.010 0.004
-0.008 1.000 0.010 0.004
-0.008 1.000 0.010 0.004
-0.008 1.000 0.010 0.004
-0.008 1.000 0.010 0.004
-0.008 1.000 0.010 0.004
-0.008 1.000 0.010 0.004
-0.008 1.000 0.010 0.004
-0.008 1.000 0.010 0.004
-0.008 1.000 0.010 0.004
-0.008 1.000 0.010 0.004
-0.008 1.000 0.011 0.004
-0.008 1.000 0.011 0.004
-0.008 1.000 0.011 0.004
-0.008 1.000 0.011 0.004
-0.008 1.000 0.011 0.004
-0.008 1.000 0.011 0.004
-0.008 1.000 0.011 0.004
-0.008 1.000 0.011 0.004
-0.008 1.000 0.011 0.004
-0.008 1.000 0.011 0.004
-0.008 1.000 0.011 0.004
-0.009 1.000 0.011 0.004
-0.009 1.000 0.011 0.004
-0.009 1.000 0.011 0.004
-0.009 1.000 0.011 0.004
-0.009 1.000 0.011 0.004
-0.009 1.000 0.011 0.004
-0.009 1.000 0.011 0.004
-0.009 1.000 0.011 0.004
-0.009 1.000 0.011 0.004
-0.009 1.000 0.011 0.004
-0.009 1.000 0.011 0.004
-0.009 1.000 0.011 0.004
-0.009 1.000 0.012 0.004
-0.009 1.000 0.012 0.004
-0.009 1.000 0.012 0.004
-0.009 1.000 0.012 0.004
-0.009 1.000 0.012 0.004
-0.009 1.000 0.012 0.004
-0.009 1.000 0.012 0.004
-0.009 1.000 0.012 0.004
-0.009 1.000 0.012 0.004
-0.009 1.000 0.012 0.004
-0.009 1.000 0.012 0.004
-0.009 1.000 0.012 0.004
-0.009 1.000 0.012 0.004
-0.009 1.000 0.012 0.004
-0.010 1.000 0.012 0.004
-0.010 1.000 0.012 0.005
-0.010 1.000 0.012 0.005
-0.010 1.000 0.012 0.005
-0.010 1.000 0.012 0.005
-0.010 1.000 0.012 0.005
-0.010 1.000 0.012 0.005
-0.010 1.000 0.012 0.005
-0.010 1.000 0.013 0.005
-0.010 1.000 0.013 0.005
-0.010 1.000 0.013 0.005
-0.010 1.000 0.013 0.005
-0.010 1.000 0.013 0.005
-0.010 1.000 0.013 0.005
-0.010 1.000 0.013 0.005
-0.010 1.000 0.013 0.005
-0.010 1.000 0.013 0.005
-0.010 1.000 0.013 0.005
-0.010 1.000 0.013 0.005
-0.010 1.000 0.013 0.005
-0.010 1.000 0.013 0.005
-0.010 1.000 0.013 0.005
-0.010 1.000 0.013 0.005
-0.010 1.000 0.013 0.005
-0.010 1.000 0.013 0.005
-0.011 1.000 0.013 0.005
-0.011 1.000 0.013 0.005
-0.011 1.000 0.013 0.005
-0.011 1.000 0.013 0.005
-0.011 1.000 0.013 0.005
-0.011 1.000 0.014 0.005
-0.011 1.000 0.014 0.005
-0.011 1.000 0.014 0.005
-0.011 1.000 0.014 0.005
-0.011 1.000 0.014 0.005
-0.011 1.000 0.014 0.005
-0.011 1.000 0.014 0.005
-0.011 1.000 0.014 0.005
-0.011 1.000 0.014 0.005
-0.011 1.000 0.014 0.005
-0.011 1.000 0.014 0.005
-0.011 1.000 0.014 0.005
-0.011 1.000 0.014 0.005
-0.011 1.000 0.014 0.005
-0.011 1.000 0.014 0.005
-0.011 1.000 0.014 0.005
-0.011 1.000 0.014 0.005
-0.011 1.000 0.014 0.006
-0.011 1.000 0.014 0.006
-0.012 1.000 0.014 0.006
-0.012 1.000 0.014 0.006
-0.012 1.000 0.015 0.006
-0.012 1.000 0.015 0.006
-0.012 1.000 0.015 0.006
-0.012 1.000 0.015 0.006
-0.012 1.000 0.015 0.006
-0.012 1.000 0.015 0.006
-0.012 1.000 0.015 0.006
-0.012 1.000 0.015 0.006
-0.012 1.000 0.015 0.006
-0.012 1.000 0.015 0.006
-0.012 1.000 0.015 0.006
-0.012 1.000 0.015 0.006
-0.012 1.000 0.015 0.006
-0.012 1.000 0.015 0.006
-0.012 1.000 0.015 0.006
-0.012 1.000 0.015 0.006
-0.012 1.000 0.015 0.006
-0.012 1.000 0.015 0.006
-0.012 1.000 0.015 0.006
-0.012 1.000 0.015 0.006
-0.012 1.000 0.015 0.006
-0.012 1.000 0.015 0.006
-0.013 1.000 0.016 0.006
-0.013 1.000 0.016 0.006
-0.013 1.000 0.016 0.006
-0.013 1.000 0.016 0.006
-0.013 1.000 0.016 0.006
-0.013 1.000 0.016 0.006
-0.013 1.000 0.016 0.006
-0.013 1.000 0.016 0.006
-0.013 1.000 0.016 0.006
-0.013 1.000 0.016 0.006
-0.013 1.000 0.016 0.006
-0.013 1.000 0.016 0.006
-0.013 1.000 0.016 0.006
-0.013 1.000 0.016 0.006
-0.013 1.000 0.016 0.006
-0.013 1.000 0.016 0.006
-0.013 1.000 0.016 0.006
-0.013 1.000 0.016 0.006
-0.013 1.000 0.016 0.006
-0.013 1.000 0.016 0.006
-0.013 1.000 0.017 0.007
-0.013 1.000 0.017 0.007
-0.013 1.000 0.017 0.007
-0.014 1.000 0.017 0.007
-0.014 1.000 0.017 0.007
-0.014 1.000 0.017 0.007
-0.014 1.000 0.017 0.007
-0.014 1.000 0.017 0.007
-0.014 1.000 0.017 0.007
-0.014 1.000 0.017 0.007
-0.014 1.000 0.017 0.007
-0.014 1.000 0.017 0.007
-0.014 1.000 0.017 0.007
-0.014 1.000 0.017 0.007
-0.014 1.000 0.017 0.007
-0.014 1.000 0.017 0.007
-0.014 1.000 0.017 0.007
-0.014 1.000 0.017 0.007
-0.014 1.000 0.017 0.007
-0.014 1.000 0.017 0.007
-0.014 1.000 0.017 0.007
-0.014 1.000 0.018 0.007
-0.014 1.000 0.018 0.007
-0.014 1.000 0.018 0.007
-0.014 1.000 0.018 0.007
-0.015 1.000 0.018 0.007
-0.015 1.000 0.018 0.007
-0.015 1.000 0.018 0.007
-0.015 1.000 0.018 0.007
-0.015 1.000 0.018 0.007
-0.015 1.000 0.018 0.007
-0.015 1.000 0.018 0.007
-0.015 1.000 0.018 0.007
-0.015 1.000 0.018 0.007
-0.015 1.000 0.018 0.007
-0.015 1.000 0.018 0.007
-0.015 1.000 0.018 0.007
-0.015 1.000 0.018 0.007
-0.015 1.000 0.018 0.007
-0.015 1.000 0.018 0.007
-0.015 1.000 0.018 0.007
-0.015 1.000 0.019 0.007
-0.015 1.000 0.019 0.007
-0.015 1.000 0.019 0.007
-0.015 1.000 0.019 0.007
-0.015 1.000 0.019 0.007
-0.015 1.000 0.019 0.008
-0.016 1.000 0.019 0.008
-0.016 1.000 0.019 0.008
-0.016 1.000 0.019 0.008
-0.016 1.000 0.019 0.008
-0.016 1.000 0.019 0.008
-0.016 1.000 0.019 0.008
-0.016 1.000 0.019 0.008
-0.016 1.000 0.019 0.008
-0.016 1.000 0.019 0.008
-0.016 1.000 0.019 0.008
-0.016 1.000 0.019 0.008
-0.016 1.000 0.019 0.008
-0.016 1.000 0.019 0.008
-0.016 1.000 0.019 0.008
-0.016 1.000 0.020 0.008
-0.016 1.000 0.020 0.008
-0.016 1.000 0.020 0.008
-0.016 1.000 0.020 0.008
-0.016 1.000 0.020 0.008
-0.016 1.000 0.020 0.008
-0.016 1.000 0.020 0.008
-0.016 1.000 0.020 0.008
-0.017 1.000 0.020 0.008
-0.017 1.000 0.020 0.008
-0.017 1.000 0.020 0.008
-0.017 1.000 0.020 0.008
-0.017 1.000 0.020 0.008
-0.017 1.000 0.020 0.008
-0.017 1.000 0.020 0.008
-0.017 1.000 0.020 0.008
-0.017 1.000 0.020 0.008
-0.017 1.000 0.020 0.008
-0.017 1.000 0.020 0.008
-0.017 1.000 0.020 0.008
-0.017 1.000 0.021 0.008
-0.017 1.000 0.021 0.008
-0.017 1.000 0.021 0.008
-0.017 1.000 0.021 0.008
-0.017 1.000 0.021 0.008
-0.017 1.000 0.021 0.008
-0.017 1.000 0.021 0.008
-0.017 1.000 0.021 0.008
-0.017 1.000 0.021 0.008
-0.018 1.000 0.021 0.008
-0.018 1.000 0.021 0.008
-0.018 1.000 0.021 0.008
-0.018 1.000 0.021 0.009
-0.018 1.000 0.021 0.009
-0.018 1.000 0.021 0.009
-0.018 1.000 0.021 0.009
-0.018 1.000 0.021 0.009
-0.018 1.000 0.021 0.009
-0.018 1.000 0.021 0.009
-0.018 1.000 0.021 0.009
-0.018 1.000 0.022 0.009
-0.018 1.000 0.022 0.009
-0.018 1.000 0.022 0.009
-0.018 1.000 0.022 0.009
-0.018 1.000 0.022 0.009
-0.018 1.000 0.022 0.009
-0.018 1.000 0.022 0.009
-0.018 1.000 0.022 0.009
-0.018 1.000 0.022 0.009
-0.018 1.000 0.022 0.009
-0.019 1.000 0.022 0.009
-0.019 1.000 0.022 0.009
-0.019 1.000 0.022 0.009
-0.019 1.000 0.022 0.009
-0.019 1.000 0.022 0.009
-0.019 1.000 0.022 0.009
-0.019 1.000 0.022 0.009
-0.019 1.000 0.022 0.009
-0.019 1.000 0.022 0.009
-0.019 1.000 0.022 0.009
-0.019 1.000 0.023 0.009
-0.019 1.000 0.023 0.009
-0.019 1.000 0.023 0.009
-0.019 1.000 0.023 0.009
-0.019 1.000 0.023 0.009
-0.019 1.000 0.023 0.009
-0.019 1.000 0.023 0.009
-0.019 1.000 0.023 0.009
-0.019 1.000 0.023 0.009
-0.019 1.000 0.023 0.009
-0.019 1.000 0.023 0.009
-0.020 0.999 0.023 0.009
-0.020 0.999 0.023 0.009
-0.020 0.999 0.023 0.009
-0.020 0.999 0.023 0.009
-0.020 0.999 0.023 0.009
-0.020 0.999 0.023 0.009
-0.020 0.999 0.023 0.009
-0.020 0.999 0.023 0.009
-0.020 0.999 0.024 0.010
-0.020 0.999 0.024 0.010
-0.020 0.999 0.024 0.010
-0.020 0.999 0.024 0.010
-0.020 0.999 0.024 0.010
-0.020 0.999 0.024 0.010
-0.020 0.999 0.024 0.010
-0.020 0.999 0.024 0.010
-0.020 0.999 0.024 0.010
-0.020 0.999 0.024 0.010
-0.020 0.999 0.024 0.010
-0.020 0.999 0.024 0.010
-0.021 0.999 0.024 0.010
-0.021 0.999 0.024 0.010
-0.021 0.999 0.024 0.010
-0.021 0.999 0.024 0.010
-0.021 0.999 0.024 0.010
-0.021 0.999 0.024 0.010
-0.021 0.999 0.024 0.010
-0.021 0.999 0.024 0.010
-0.021 0.999 0.025 0.010
-0.021 0.999 0.025 0.010
-0.021 0.999 0.025 0.010
-0.021 0.999 0.025 0.010
-0.021 0.999 0.025 0.010
-0.021 0.999 0.025 0.010
-0.021 0.999 0.025 0.010
-0.021 0.999 0.025 0.010
-0.021 0.999 0.025 0.010
-0.021 0.999 0.025 0.010
-0.021 0.999 0.025 0.010
-0.021 0.999 0.025 0.010
-0.021 0.999 0.025 0.010
-0.022 0.999 0.025 0.010
-0.022 0.999 0.025 0.010
-0.022 0.999 0.025 0.010
-0.022 0.999 0.025 0.010
-0.022 0.999 0.025 0.010
-0.022 0.999 0.025 0.010
-0.022 0.999 0.026 0.010
-0.022 0.999 0.026 0.010
-0.022 0.999 0.026 0.010
-0.022 0.999 0.026 0.010
-0.022 0.999 0.026 0.010
-0.022 0.999 0.026 0.010
-0.022 0.999 0.026 0.010
-0.022 0.999 0.026 0.010
-0.022 0.999 0.026 0.010
-0.022 0.999 0.026 0.010
-0.022 0.999 0.026 0.010
-0.022 0.999 0.026 0.011
-0.022 0.999 0.026 0.011
-0.022 0.999 0.026 0.011
-0.023 0.999 0.026 0.011
-0.023 0.999 0.026 0.011
-0.023 0.999 0.026 0.011
-0.023 0.999 0.026 0.011
-0.023 0.999 0.026 0.011
-0.023 0.999 0.026 0.011
-0.023 0.999 0.027 0.011
-0.023 0.999 0.027 0.011
-0.023 0.999 0.027 0.011
-0.023 0.999 0.027 0.011
-0.023 0.999 0.027 0.011
-0.023 0.999 0.027 0.011
-0.023 0.999 0.027 0.011
-0.023 0.999 0.027 0.011
-0.023 0.999 0.027 0.011
-0.023 0.999 0.027 0.011
-0.023 0.999 0.027 0.011
-0.023 0.999 0.027 0.011
-0.023 0.999 0.027 0.011
-0.023 0.999 0.027 0.011
-0.024 0.999 0.027 0.011
-0.024 0.999 0.027 0.011
-0.024 0.999 0.027 0.011
-0.024 0.999 0.027 0.011
-0.024 0.999 0.027 0.011
-0.024 0.999 0.027 0.011
-0.024 0.999 0.028 0.011
-0.024 0.999 0.028 0.011
-0.024 0.999 0.028 0.011
-0.024 0.999 0.028 0.011
-0.024 0.999 0.028 0.011
-0.024 0.999 0.028 0.011
-0.024 0.999 0.028 0.011
-0.024 0.999 0.028 0.011
-0.024 0.999 0.028 0.011
-0.024 0.999 0.028 0.011
-0.024 0.999 0.028 0.011
-0.024 0.999 0.028 0.011
-0.024 0.999 0.028 0.011
-0.025 0.999 0.028 0.011
-0.025 0.999 0.028 0.011
-0.025 0.999 0.028 0.011
-0.025 0.999 0.028 0.011
-0.025 0.999 0.028 0.011
-0.025 0.999 0.028 0.011
-0.025 0.999 0.029 0.011
-0.025 0.999 0.029 0.011
-0.025 0.999 0.029 0.011
-0.025 0.999 0.029 0.011
-0.025 0.999 0.029 0.011
-0.025 0.999 0.029 0.012
-0.025 0.999 0.029 0.012
-0.025 0.999 0.029 0.012
-0.025 0.999 0.029 0.012
-0.025 0.999 0.029 0.012
-0.025 0.999 0.029 0.012
-0.025 0.999 0.029 0.012
-0.025 0.999 0.029 0.012
-0.025 0.999 0.029 0.012
-0.026 0.999 0.029 0.012
-0.026 0.999 0.029 0.012
-0.026 0.999 0.029 0.012
-0.026 0.999 0.029 0.012
-0.026 0.999 0.029 0.012
-0.026 0.999 0.029 0.012
-0.026 0.999 0.030 0.012
-0.026 0.999 0.030 0.012
-0.026 0.999 0.030 0.012
-0.026 0.999 0.030 0.012
-0.026 0.999 0.030 0.012
-0.026 0.999 0.030 0.012
-0.026 0.999 0.030 0.012
-0.026 0.999 0.030 0.012
-0.026 0.999 0.030 0.012
-0.026 0.999 0.030 0.012
-0.026 0.999 0.030 0.012
-0.026 0.999 0.030 0.012
-0.026 0.999 0.030 0.012
-0.027 0.999 0.030 0.012
-0.027 0.999 0.030 0.012
-0.027 0.999 0.030 0.012
-0.027 0.999 0.030 0.012
-0.027 0.999 0.030 0.012
-0.027 0.999 0.030 0.012
-0.027 0.999 0.030 0.012
-0.027 0.999 0.031 0.012
-0.027 0.999 0.031 0.012
-0.027 0.999 0.031 0.012
-0.027 0.999 0.031 0.012
-0.027 0.999 0.031 0.012
-0.027 0.999 0.031 0.012
-0.027 0.999 0.031 0.012
-0.027 0.999 0.031 0.012
-0.027 0.999 0.031 0.012
-0.027 0.999 0.031 0.012
-0.027 0.999 0.031 0.012
-0.027 0.999 0.031 0.012
-0.027 0.999 0.031 0.012
-0.028 0.999 0.031 0.012
-0.028 0.999 0.031 0.012
-0.028 0.999 0.031 0.012
-0.028 0.999 0.031 0.012
-0.028 0.999 0.031 0.012
-0.028 0.999 0.031 0.012
-0.028 0.999 0.031 0.012
-0.028 0.999 0.032 0.012
-0.028 0.999 0.032 0.012
-0.028 0.999 0.032 0.012
-0.028 0.999 0.032 0.013
-0.028 0.999 0.032 0.013
-0.028 0.999 0.032 0.013
-0.028 0.999 0.032 0.013
-0.028 0.999 0.032 0.013
-0.028 0.999 0.032 0.013
-0.028 0.999 0.032 0.013
-0.028 0.999 0.032 0.013
-0.028 0.999 0.032 0.013
-0.029 0.999 0.032 0.013
-0.029 0.999 0.032 0.013
-0.029 0.999 0.032 0.013
-0.029 0.999 0.032 0.013
-0.029 0.999 0.032 0.013
-0.029 0.999 0.032 0.013
-0.029 0.999 0.032 0.013
-0.029 0.999 0.032 0.013
-0.029 0.999 0.033 0.013
-0.029 0.999 0.033 0.013
-0.029 0.999 0.033 0.013
-0.029 0.999 0.033 0.013
-0.029 0.999 0.033 0.013
-0.029 0.999 0.033 0.013
-0.029 0.999 0.033 0.013
-0.029 0.999 0.033 0.013
-0.029 0.999 0.033 0.013
-0.029 0.999 0.033 0.013
-0.029 0.999 0.033 0.013
-0.029 0.999 0.033 0.013
-0.030 0.999 0.033 0.013
-0.030 0.999 0.033 0.013
-0.030 0.999 0.033 0.013
-0.030 0.999 0.033 0.013
-0.030 0.999 0.033 0.013
-0.030 0.999 0.033 0.013
-0.030 0.999 0.033 0.013
-0.030 0.999 0.033 0.013
-0.030 0.999 0.033 0.013
-0.030 0.999 0.034 0.013
-0.030 0.999 0.034 0.013
-0.030 0.999 0.034 0.013
-0.030 0.999 0.034 0.013
-0.030 0.999 0.034 0.013
-0.030 0.999 0.034 0.013
-0.030 0.999 0.034 0.013
-0.030 0.999 0.034 0.013
-0.030 0.999 0.034 0.013
-0.030 0.999 0.034 0.013
-0.031 0.999 0.034 0.013
-0.031 0.999 0.034 0.013
-0.031 0.999 0.034 0.013
-0.031 0.999 0.034 0.013
-0.031 0.999 0.034 0.013
-0.031 0.999 0.034 0.013
-0.031 0.999 0.034 0.013
-0.031 0.999 0.034 0.013
-0.031 0.999 0.034 0.013
-0.031 0.999 0.034 0.013
-0.031 0.999 0.035 0.013
-0.031 0.999 0.035 0.013
-0.031 0.999 0.035 0.013
-0.031 0.999 0.035 0.013
-0.031 0.999 0.035 0.013
-0.031 0.999 0.035 0.013
-0.031 0.999 0.035 0.013
-0.031 0.999 0.035 0.013
-0.031 0.999 0.035 0.013
-0.032 0.999 0.035 0.013
-0.032 0.999 0.035 0.014
-0.032 0.999 0.035 0.014
-0.032 0.999 0.035 0.014
-0.032 0.999 0.035 0.014
-0.032 0.999 0.035 0.014
-0.032 0.999 0.035 0.014
-0.032 0.999 0.035 0.014
-0.032 0.999 0.035 0.014
-0.032 0.999 0.035 0.014
-0.032 0.999 0.035 0.014
-0.032 0.999 0.035 0.014
-0.032 0.999 0.036 0.014
-0.032 0.999 0.036 0.014
-0.032 0.999 0.036 0.014
-0.032 0.999 0.036 0.014
-0.032 0.999 0.036 0.014
-0.032 0.999 0.036 0.014
-0.032 0.999 0.036 0.014
-0.032 0.999 0.036 0.014
-0.033 0.999 0.036 0.014
-0.033 0.999 0.036 0.014
-0.033 0.999 0.036 0.014
-0.033 0.999 0.036 0.014
-0.033 0.999 0.036 0.014
-0.033 0.999 0.036 0.014
-0.033 0.999 0.036 0.014
-0.033 0.999 0.036 0.014
-0.033 0.999 0.036 0.014
-0.033 0.999 0.036 0.014
-0.033 0.999 0.036 0.014
-0.033 0.999 0.036 0.014
-0.033 0.999 0.036 0.014
-0.033 0.999 0.037 0.014
-0.033 0.999 0.037 0.014
-0.033 0.999 0.037 0.014
-0.033 0.999 0.037 0.014
-0.033 0.999 0.037 0.014
-0.033 0.999 0.037 0.014
-0.034 0.999 0.037 0.014
-0.034 0.999 0.037 0.014
-0.034 0.999 0.037 0.014
-0.034 0.999 0.037 0.014
-0.034 0.999 0.037 0.014
-0.034 0.999 0.037 0.014
-0.034 0.999 0.037 0.014
-0.034 0.999 0.037 0.014
-0.034 0.999 0.037 0.014
-0.034 0.999 0.037 0.014
-0.034 0.999 0.037 0.014
-0.034 0.999 0.037 0.014
-0.034 0.999 0.037 0.014
-0.034 0.999 0.037 0.014
-0.034 0.999 0.037 0.014
-0.034 0.999 0.037 0.014
-0.034 0.999 0.038 0.014
-0.034 0.999 0.038 0.014
-0.034 0.999 0.038 0.014
-0.035 0.999 0.038 0.014
-0.035 0.999 0.038 0.014
-0.035 0.999 0.038 0.014
-0.035 0.999 0.038 0.014
-0.035 0.999 0.038 0.014
-0.035 0.999 0.038 0.014
-0.035 0.999 0.038 0.014
-0.035 0.999 0.038 0.014
-0.035 0.999 0.038 0.014
-0.035 0.999 0.038 0.014
-0.035 0.999 0.038 0.014
-0.035 0.999 0.038 0.014
-0.035 0.999 0.038 0.014
-0.035 0.999 0.038 0.014
-0.035 0.999 0.038 0.014
-0.035 0.999 0.038 0.014
-0.035 0.999 0.038 0.014
-0.035 0.999 0.038 0.014
-0.035 0.999 0.038 0.014
-0.035 0.999 0.039 0.014
-0.036 0.999 0.039 0.014
-0.036 0.999 0.039 0.014
-0.036 0.999 0.039 0.014
-0.036 0.999 0.039 0.014
-0.036 0.999 0.039 0.014
-0.036 0.999 0.039 0.014
-0.036 0.998 0.039 0.014
-0.036 0.998 0.039 0.014
-0.036 0.998 0.039 0.014
-0.036 0.998 0.039 0.014
-0.036 0.998 0.039 0.014
-0.036 0.998 0.039 0.014
-0.036 0.998 0.039 0.014
-0.036 0.998 0.039 0.014
-0.036 0.998 0.039 0.015
-0.036 0.998 0.039 0.015
-0.036 0.998 0.039 0.015
-0.036 0.998 0.039 0.015
-0.036 0.998 0.039 0.015
-0.036 0.998 0.039 0.015
-0.037 0.998 0.039 0.015
-0.037 0.998 0.039 0.015
-0.037 0.998 0.040 0.015
-0.037 0.998 0.040 0.015
-0.037 0.998 0.040 0.015
-0.037 0.998 0.040 0.015
-0.037 0.998 0.040 0.015
-0.037 0.998 0.040 0.015
-0.037 0.998 0.040 0.015
-0.037 0.998 0.040 0.015
-0.037 0.998 0.040 0.015
-0.037 0.998 0.040 0.015
-0.037 0.998 0.040 0.015
-0.037 0.998 0.040 0.015
-0.037 0.998 0.040 0.015
-0.037 0.998 0.040 0.015
-0.037 0.998 0.040 0.015
-0.037 0.998 0.040 0.015
-0.037 0.998 0.040 0.015
-0.038 0.998 0.040 0.015
-0.038 0.998 0.040 0.015
-0.038 0.998 0.040 0.015
-0.038 0.998 0.040 0.015
-0.038 0.998 0.040 0.015
-0.038 0.998 0.040 0.015
-0.038 0.998 0.041 0.015
-0.038 0.998 0.041 0.015
-0.038 0.998 0.041 0.015
-0.038 0.998 0.041 0.015
-0.038 0.998 0.041 0.015
-0.038 0.998 0.041 0.015
-0.038 0.998 0.041 0.015
-0.038 0.998 0.041 0.015
-0.038 0.998 0.041 0.015
-0.038 0.998 0.041 0.015
-0.038 0.998 0.041 0.015
-0.038 0.998 0.041 0.015
-0.038 0.998 0.041 0.015
-0.038 0.998 0.041 0.015
-0.039 0.998 0.041 0.015
-0.039 0.998 0.041 0.015
-0.039 0.998 0.041 0.015
-0.039 0.998 0.041 0.015
-0.039 0.998 0.041 0.015
-0.039 0.998 0.041 0.015
-0.039 0.998 0.041 0.015
-0.039 0.998 0.041 0.015
-0.039 0.998 0.041 0.015
-0.039 0.998 0.042 0.015
-0.039 0.998 0.042 0.015
-0.039 0.998 0.042 0.015
-0.039 0.998 0.042 0.015
-0.039 0.998 0.042 0.015
-0.039 0.998 0.042 0.015
-0.039 0.998 0.042 0.015
-0.039 0.998 0.042 0.015
-0.039 0.998 0.042 0.015
-0.039 0.998 0.042 0.015
-0.039 0.998 0.042 0.015
-0.040 0.998 0.042 0.015
-0.040 0.998 0.042 0.015
-0.040 0.998 0.042 0.015
-0.040 0.998 0.042 0.015
-0.040 0.998 0.042 0.015
-0.040 0.998 0.042 0.015
-0.040 0.998 0.042 0.015
-0.040 0.998 0.042 0.015
-0.040 0.998 0.042 0.015
-0.040 0.998 0.042 0.015
-0.040 0.998 0.042 0.015
-0.040 0.998 0.042 0.015
-0.040 0.998 0.042 0.015
-0.040 0.998 0.042 0.015
-0.040 0.998 0.043 0.015
-0.040 0.998 0.043 0.015
-0.040 0.998 0.043 0.015
-0.040 0.998 0.043 0.015
-0.040 0.998 0.043 0.015
-0.040 0.998 0.043 0.015
-0.041 0.998 0.043 0.015
-0.041 0.998 0.043 0.015
-0.041 0.998 0.043 0.015
-0.041 0.998 0.043 0.015
-0.041 0.998 0.043 0.015
-0.041 0.998 0.043 0.015
-0.041 0.998 0.043 0.015
-0.041 0.998 0.043 0.015
-0.041 0.998 0.043 0.015
-0.041 0.998 0.043 0.015
-0.041 0.998 0.043 0.015
-0.041 0.998 0.043 0.015
-0.041 0.998 0.043 0.015
-0.041 0.998 0.043 0.015
-0.041 0.998 0.043 0.015
-0.041 0.998 0.043 0.015
-0.041 0.998 0.043 0.015
-0.041 0.998 0.043 0.015
-0.041 0.998 0.043 0.015
-0.041 0.998 0.044 0.015
-0.042 0.998 0.044 0.015
-0.042 0.998 0.044 0.015
-0.042 0.998 0.044 0.015
-0.042 0.998 0.044 0.015
-0.042 0.998 0.044 0.015
-0.042 0.998 0.044 0.015
-0.042 0.998 0.044 0.015
-0.042 0.998 0.044 0.015
-0.042 0.998 0.044 0.015
-0.042 0.998 0.044 0.015
-0.042 0.998 0.044 0.015
-0.042 0.998 0.044 0.015
-0.042 0.998 0.044 0.015
-0.042 0.998 0.044 0.015
-0.042 0.998 0.044 0.015
-0.042 0.998 0.044 0.015
-0.042 0.998 0.044 0.015
-0.042 0.998 0.044 0.015
-0.042 0.998 0.044 0.015
-0.042 0.998 0.044 0.015
-0.042 0.998 0.044 0.015
-0.043 0.998 0.044 0.015
-0.043 0.998 0.044 0.015
-0.043 0.998 0.044 0.015
-0.043 0.998 0.044 0.015
-0.043 0.998 0.044 0.015
-0.043 0.998 0.045 0.015
-0.043 0.998 0.045 0.015
-0.043 0.998 0.045 0.015
-0.043 0.998 0.045 0.015
-0.043 0.998 0.045 0.015
-0.043 0.998 0.045 0.015
-0.043 0.998 0.045 0.015
-0.043 0.998 0.045 0.015
-0.043 0.998 0.045 0.015
-0.043 0.998 0.045 0.015
-0.043 0.998 0.045 0.015
-0.043 0.998 0.045 0.015
-0.043 0.998 0.045 0.015
-0.043 0.998 0.045 0.015
-0.043 0.998 0.045 0.015
-0.044 0.998 0.045 0.015
-0.044 0.998 0.045 0.015
-0.044 0.998 0.045 0.015
-0.044 0.998 0.045 0.015
-0.044 0.998 0.045 0.015
-0.044 0.998 0.045 0.015
-0.044 0.998 0.045 0.015
-0.044 0.998 0.045 0.015
-0.044 0.998 0.045 0.015
-0.044 0.998 0.045 0.015
-0.044 0.998 0.045 0.015
-0.044 0.998 0.045 0.015
-0.044 0.998 0.046 0.015
-0.044 0.998 0.046 0.015
-0.044 0.998 0.046 0.015
-0.044 0.998 0.046 0.015
-0.044 0.998 0.046 0.015
-0.044 0.998 0.046 0.015
-0.044 0.998 0.046 0.015
-0.044 0.998 0.046 0.015
-0.044 0.998 0.046 0.015
-0.045 0.998 0.046 0.015
-0.045 0.998 0.046 0.015
-0.045 0.998 0.046 0.015
-0.045 0.998 0.046 0.015
-0.045 0.998 0.046 0.015
-0.045 0.998 0.046 0.015
-0.045 0.998 0.046 0.015
-0.045 0.998 0.046 0.015
-0.045 0.998 0.046 0.015
-0.045 0.998 0.046 0.015
-0.045 0.998 0.046 0.015
-0.045 0.998 0.046 0.015
-0.045 0.998 0.046 0.015
-0.045 0.998 0.046 0.015
-0.045 0.998 0.046 0.015
-0.045 0.998 0.046 0.015
-0.045 0.998 0.046 0.015
-0.045 0.998 0.046 0.015
-0.045 0.998 0.046 0.015
-0.045 0.998 0.046 0.015
-0.045 0.998 0.047 0.015
-0.046 0.998 0.047 0.015
-0.046 0.998 0.047 0.015
-0.046 0.998 0.047 0.015
-0.046 0.998 0.047 0.015
-0.046 0.998 0.047 0.015
-0.046 0.998 0.047 0.015
-0.046 0.998 0.047 0.015
-0.046 0.998 0.047 0.015
-0.046 0.998 0.047 0.015
-0.046 0.998 0.047 0.015
-0.046 0.998 0.047 0.015
-0.046 0.998 0.047 0.015
-0.046 0.998 0.047 0.015
-0.046 0.998 0.047 0.015
-0.046 0.998 0.047 0.015
-0.046 0.998 0.047 0.015
-0.046 0.998 0.047 0.015
-0.046 0.998 0.047 0.015
-0.046 0.998 0.047 0.015
-0.046 0.998 0.047 0.015
-0.046 0.998 0.047 0.015
-0.046 0.998 0.047 0.015
-0.047 0.998 0.047 0.015
-0.047 0.998 0.047 0.015
-0.047 0.998 0.047 0.015
-0.047 0.998 0.047 0.015
-0.047 0.998 0.047 0.015
-0.047 0.998 0.047 0.015
-0.047 0.998 0.047 0.015
-0.047 0.998 0.047 0.015
-0.047 0.998 0.048 0.015
-0.047 0.998 0.048 0.015
-0.047 0.998 0.048 0.015
-0.047 0.998 0.048 0.015
-0.047 0.998 0.048 0.015
-0.047 0.998 0.048 0.015
-0.047 0.998 0.048 0.015
-0.047 0.998 0.048 0.015
-0.047 0.998 0.048 0.015
-0.047 0.998 0.048 0.015
-0.047 0.998 0.048 0.015
-0.047 0.998 0.048 0.015
-0.047 0.998 0.048 0.015
-0.047 0.998 0.048 0.015
-0.048 0.998 0.048 0.015
-0.048 0.998 0.048 0.015
-0.048 0.998 0.048 0.015
-0.048 0.998 0.048 0.015
-0.048 0.998 0.048 0.015
-0.048 0.998 0.048 0.015
-0.048 0.998 0.048 0.015
-0.048 0.998 0.048 0.015
-0.048 0.998 0.048 0.015
-0.048 0.998 0.048 0.015
-0.048 0.998 0.048 0.015
-0.048 0.998 0.048 0.015
-0.048 0.998 0.048 0.015
-0.048 0.998 0.048 0.015
-0.048 0.998 0.048 0.015
-0.048 0.998 0.048 0.015
-0.048 0.998 0.048 0.015
-0.048 0.998 0.048 0.015
-0.048 0.998 0.048 0.015
-0.048 0.998 0.049 0.015
-0.048 0.998 0.049 0.015
-0.048 0.998 0.049 0.015
-0.049 0.998 0.049 0.015
-0.049 0.998 0.049 0.015
-0.049 0.998 0.049 0.015
-0.049 0.998 0.049 0.015
-0.049 0.998 0.049 0.015
-0.049 0.998 0.049 0.015
-0.049 0.998 0.049 0.015
-0.049 0.998 0.049 0.015
-0.049 0.998 0.049 0.015
-0.049 0.997 0.049 0.015
-0.049 0.997 0.049 0.015
-0.049 0.997 0.049 0.015
-0.049 0.997 0.049 0.015
-0.049 0.997 0.049 0.015
-0.049 0.997 0.049 0.015
-0.049 0.997 0.049 0.015
-0.049 0.997 0.049 0.015
-0.049 0.997 0.049 0.015
-0.049 0.997 0.049 0.015
-0.049 0.997 0.049 0.015
-0.049 0.997 0.049 0.015
-0.049 0.997 0.049 0.015
-0.049 0.997 0.049 0.015
-0.050 0.997 0.049 0.015
-0.050 0.997 0.049 0.015
-0.050 0.997 0.049 0.015
-0.050 0.997 0.049 0.015
-0.050 0.997 0.049 0.015
-0.050 0.997 0.049 0.015
-0.050 0.997 0.049 0.015
-0.050 0.997 0.049 0.015
-0.050 0.997 0.049 0.015
-0.050 0.997 0.049 0.015
-0.050 0.997 0.050 0.015
-0.050 0.997 0.050 0.015
-0.050 0.997 0.050 0.015
-0.050 0.997 0.050 0.015
-0.050 0.997 0.050 0.015
-0.050 0.997 0.050 0.015
-0.050 0.997 0.050 0.015
-0.050 0.997 0.050 0.015
-0.050 0.997 0.050 0.015
-0.050 0.997 0.050 0.014
-0.050 0.997 0.050 0.014
-0.050 0.997 0.050 0.014
-0.050 0.997 0.050 0.014
-0.051 0.997 0.050 0.014
-0.051 0.997 0.050 0.014
-0.051 0.997 0.050 0.014
-0.051 0.997 0.050 0.014
-0.051 0.997 0.050 0.014
-0.051 0.997 0.050 0.014
-0.051 0.997 0.050 0.014
-0.051 0.997 0.050 0.014
-0.051 0.997 0.050 0.014
-0.051 0.997 0.050 0.014
-0.051 0.997 0.050 0.014
-0.051 0.997 0.050 0.014
-0.051 0.997 0.050 0.014
-0.051 0.997 0.050 0.014
-0.051 0.997 0.050 0.014
-0.051 0.997 0.050 0.014
-0.051 0.997 0.050 0.014
-0.051 0.997 0.050 0.014
-0.051 0.997 0.050 0.014
-0.051 0.997 0.050 0.014
-0.051 0.997 0.050 0.014
-0.051 0.997 0.050 0.014
-0.051 0.997 0.050 0.014
-0.051 0.997 0.050 0.014
-0.052 0.997 0.050 0.014
-0.052 0.997 0.050 0.014
-0.052 0.997 0.050 0.014
-0.052 0.997 0.051 0.014
-0.052 0.997 0.051 0.014
-0.052 0.997 0.051 0.014
-0.052 0.997 0.051 0.014
-0.052 0.997 0.051 0.014
-0.052 0.997 0.051 0.014
-0.052 0.997 0.051 0.014
-0.052 0.997 0.051 0.014
-0.052 0.997 0.051 0.014
-0.052 0.997 0.051 0.014
-0.052 0.997 0.051 0.014
-0.052 0.997 0.051 0.014
-0.052 0.997 0.051 0.014
-0.052 0.997 0.051 0.014
-0.052 0.997 0.051 0.014
-0.052 0.997 0.051 0.014
-0.052 0.997 0.051 0.014
-0.052 0.997 0.051 0.014
-0.052 0.997 0.051 0.014
-0.052 0.997 0.051 0.014
-0.052 0.997 0.051 0.014
-0.053 0.997 0.051 0.014
-0.053 0.997 0.051 0.014
-0.053 0.997 0.051 0.014
-0.053 0.997 0.051 0.014
-0.053 0.997 0.051 0.014
-0.053 0.997 0.051 0.014
-0.053 0.997 0.051 0.014
-0.053 0.997 0.051 0.014
-0.053 0.997 0.051 0.014
-0.053 0.997 0.051 0.014
-0.053 0.997 0.051 0.014
-0.053 0.997 0.051 0.014
-0.053 0.997 0.051 0.014
-0.053 0.997 0.051 0.014
-0.053 0.997 0.051 0.014
-0.053 0.997 0.051 0.014
-0.053 0.997 0.051 0.014
-0.053 0.997 0.051 0.014
-0.053 0.997 0.051 0.014
-0.053 0.997 0.051 0.014
-0.053 0.997 0.051 0.014
-0.053 0.997 0.051 0.014
-0.053 0.997 0.051 0.014
-0.053 0.997 0.051 0.014
-0.053 0.997 0.052 0.014
-0.054 0.997 0.052 0.014
-0.054 0.997 0.052 0.014
-0.054 0.997 0.052 0.014
-0.054 0.997 0.052 0.014
-0.054 0.997 0.052 0.014
-0.054 0.997 0.052 0.014
-0.054 0.997 0.052 0.014
-0.054 0.997 0.052 0.014
-0.054 0.997 0.052 0.013
-0.054 0.997 0.052 0.013
-0.054 0.997 0.052 0.013
-0.054 0.997 0.052 0.013
-0.054 0.997 0.052 0.013
-0.054 0.997 0.052 0.013
-0.054 0.997 0.052 0.013
-0.054 0.997 0.052 0.013
-0.054 0.997 0.052 0.013
-0.054 0.997 0.052 0.013
-0.054 0.997 0.052 0.013
-0.054 0.997 0.052 0.013
-0.054 0.997 0.052 0.013
-0.054 0.997 0.052 0.013
-0.054 0.997 0.052 0.013
-0.054 0.997 0.052 0.013
-0.054 0.997 0.052 0.013
-0.054 0.997 0.052 0.013
-0.055 0.997 0.052 0.013
-0.055 0.997 0.052 0.013
-0.055 0.997 0.052 0.013
-0.055 0.997 0.052 0.013
-0.055 0.997 0.052 0.013
-0.055 0.997 0.052 0.013
-0.055 0.997 0.052 0.013
-0.055 0.997 0.052 0.013
-0.055 0.997 0.052 0.013
-0.055 0.997 0.052 0.013
-0.055 0.997 0.052 0.013
-0.055 0.997 0.052 0.013
-0.055 0.997 0.052 0.013
-0.055 0.997 0.052 0.013
-0.055 0.997 0.052 0.013
-0.055 0.997 0.052 0.013
-0.055 0.997 0.052 0.013
-0.055 0.997 0.052 0.013
-0.055 0.997 0.052 0.013
-0.055 0.997 0.052 0.013
-0.055 0.997 0.052 0.013
-0.055 0.997 0.052 0.013
-0.055 0.997 0.052 0.013
-0.055 0.997 0.052 0.013
-0.055 0.997 0.052 0.013
-0.055 0.997 0.052 0.013
-0.055 0.997 0.052 0.013
-0.056 0.997 0.053 0.013
-0.056 0.997 0.053 0.013
-0.056 0.997 0.053 0.013
-0.056 0.997 0.053 0.013
-0.056 0.997 0.053 0.013
-0.056 0.997 0.053 0.013
-0.056 0.997 0.053 0.013
-0.056 0.997 0.053 0.013
-0.056 0.997 0.053 0.013
-0.056 0.997 0.053 0.013
-0.056 0.997 0.053 0.013
-0.056 0.997 0.053 0.013
-0.056 0.997 0.053 0.013
-0.056 0.997 0.053 0.013
-0.056 0.997 0.053 0.013
-0.056 0.997 0.053 0.013
-0.056 0.997 0.053 0.013
-0.056 0.997 0.053 0.012
-0.056 0.997 0.053 0.012
-0.056 0.997 0.053 0.012
-0.056 0.997 0.053 0.012
-0.056 0.997 0.053 0.012
-0.056 0.997 0.053 0.012
-0.056 0.997 0.053 0.012
-0.056 0.997 0.053 0.012
-0.056 0.997 0.053 0.012
-0.056 0.997 0.053 0.012
-0.056 0.997 0.053 0.012
-0.057 0.997 0.053 0.012
-0.057 0.997 0.053 0.012
-0.057 0.997 0.053 0.012
-0.057 0.997 0.053 0.012
-0.057 0.997 0.053 0.012
-0.057 0.997 0.053 0.012
-0.057 0.997 0.053 0.012
-0.057 0.997 0.053 0.012
-0.057 0.997 0.053 0.012
-0.057 0.997 0.053 0.012
-0.057 0.997 0.053 0.012
-0.057 0.997 0.053 0.012
-0.057 0.997 0.053 0.012
-0.057 0.997 0.053 0.012
-0.057 0.997 0.053 0.012
-0.057 0.997 0.053 0.012
-0.057 0.997 0.053 0.012
-0.057 0.997 0.053 0.012
-0.057 0.997 0.053 0.012
-0.057 0.997 0.053 0.012
-0.057 0.997 0.053 0.012
-0.057 0.997 0.053 0.012
-0.057 0.997 0.053 0.012
-0.057 0.997 0.053 0.012
-0.057 0.997 0.053 0.012
-0.057 0.997 0.053 0.012
-0.057 0.997 0.053 0.012
-0.057 0.997 0.053 0.012
-0.057 0.997 0.053 0.012
-0.058 0.997 0.053 0.012
-0.058 0.997 0.053 0.012
-0.058 0.997 0.053 0.012
-0.058 0.997 0.053 0.012
-0.058 0.997 0.053 0.012
-0.058 0.997 0.053 0.012
-0.058 0.997 0.053 0.012
-0.058 0.997 0.053 0.012
-0.058 0.997 0.053 0.012
-0.058 0.997 0.053 0.012
-0.058 0.997 0.053 0.012
-0.058 0.997 0.053 0.012
-0.058 0.997 0.053 0.011
-0.058 0.997 0.053 0.011
-0.058 0.997 0.053 0.011
-0.058 0.997 0.054 0.011
-0.058 0.997 0.054 0.011
-0.058 0.997 0.054 0.011
-0.058 0.997 0.054 0.011
-0.058 0.997 0.054 0.011
-0.058 0.997 0.054 0.011
-0.058 0.997 0.054 0.011
-0.058 0.997 0.054 0.011
-0.058 0.997 0.054 0.011
-0.058 0.997 0.054 0.011
-0.058 0.997 0.054 0.011
-0.058 0.997 0.054 0.011
-0.058 0.997 0.054 0.011
-0.058 0.997 0.054 0.011
-0.058 0.997 0.054 0.011
-0.059 0.997 0.054 0.011
-0.059 0.997 0.054 0.011
-0.059 0.997 0.054 0.011
-0.059 0.997 0.054 0.011
-0.059 0.997 0.054 0.011
-0.059 0.997 0.054 0.011
-0.059 0.997 0.054 0.011
-0.059 0.997 0.054 0.011
-0.059 0.997 0.054 0.011
-0.059 0.997 0.054 0.011
-0.059 0.997 0.054 0.011
-0.059 0.997 0.054 0.011
-0.059 0.997 0.054 0.011
-0.059 0.997 0.054 0.011
-0.059 0.997 0.054 0.011
-0.059 0.997 0.054 0.011
-0.059 0.997 0.054 0.011
-0.059 0.997 0.054 0.011
-0.059 0.997 0.054 0.011
-0.059 0.997 0.054 0.011
-0.059 0.997 0.054 0.011
-0.059 0.997 0.054 0.011
-0.059 0.997 0.054 0.011
-0.059 0.997 0.054 0.011
-0.059 0.997 0.054 0.011
-0.059 0.997 0.054 0.011
-0.059 0.997 0.054 0.011
-0.059 0.997 0.054 0.010
-0.059 0.997 0.054 0.010
-0.059 0.997 0.054 0.010
-0.059 0.997 0.054 0.010
-0.059 0.997 0.054 0.010
-0.059 0.997 0.054 0.010
-0.060 0.997 0.054 0.010
-0.060 0.997 0.054 0.010
-0.060 0.997 0.054 0.010
-0.060 0.997 0.054 0.010
-0.060 0.997 0.054 0.010
-0.060 0.997 0.054 0.010
-0.060 0.997 0.054 0.010
-0.060 0.997 0.054 0.010
-0.060 0.997 0.054 0.010
-0.060 0.997 0.054 0.010
-0.060 0.997 0.054 0.010
-0.060 0.997 0.054 0.010
-0.060 0.997 0.054 0.010
-0.060 0.997 0.054 0.010
-0.060 0.997 0.054 0.010
-0.060 0.997 0.054 0.010
-0.060 0.997 0.054 0.010
-0.060 0.997 0.054 0.010
-0.060 0.997 0.054 0.010
-0.060 0.997 0.054 0.010
-0.060 0.997 0.054 0.010
-0.060 0.997 0.054 0.010
-0.060 0.997 0.054 0.010
-0.060 0.997 0.054 0.010
-0.060 0.997 0.054 0.010
-0.060 0.997 0.054 0.010
-0.060 0.997 0.054 0.010
-0.060 0.997 0.054 0.010
-0.060 0.997 0.054 0.010
-0.060 0.997 0.054 0.010
-0.060 0.997 0.054 0.010
-0.060 0.997 0.054 0.010
-0.060 0.997 0.054 0.010
-0.060 0.997 0.054 0.010
-0.061 0.997 0.054 0.010
-0.061 0.997 0.054 0.010
-0.061 0.997 0.054 0.009
-0.061 0.997 0.054 0.009
-0.061 0.997 0.054 0.009
-0.061 0.997 0.054 0.009
-0.061 0.997 0.054 0.009
-0.061 0.997 0.054 0.009
-0.061 0.997 0.054 0.009
-0.061 0.997 0.054 0.009
-0.061 0.997 0.054 0.009
-0.061 0.997 0.054 0.009
-0.061 0.997 0.054 0.009
-0.061 0.997 0.054 0.009
-0.061 0.997 0.054 0.009
-0.061 0.997 0.054 0.009
-0.061 0.997 0.054 0.009
-0.061 0.997 0.054 0.009
-0.061 0.997 0.054 0.009
-0.061 0.997 0.054 0.009
-0.061 0.997 0.054 0.009
-0.061 0.997 0.054 0.009
-0.061 0.997 0.054 0.009
-0.061 0.997 0.054 0.009
-0.061 0.997 0.054 0.009
-0.061 0.997 0.054 0.009
-0.061 0.997 0.054 0.009
-0.061 0.997 0.054 0.009
-0.061 0.997 0.054 0.009
-0.061 0.997 0.054 0.009
-0.061 0.997 0.054 0.009
-0.061 0.997 0.054 0.009
-0.061 0.997 0.054 0.009
-0.061 0.997 0.054 0.009
-0.061 0.997 0.054 0.009
-0.061 0.997 0.054 0.009
-0.061 0.997 0.054 0.009
-0.062 0.997 0.054 0.009
-0.062 0.997 0.054 0.009
-0.062 0.997 0.054 0.009
-0.062 0.997 0.054 0.009
-0.062 0.997 0.054 0.008
-0.062 0.997 0.054 0.008
-0.062 0.997 0.054 0.008
-0.062 0.997 0.054 0.008
-0.062 0.997 0.054 0.008
-0.062 0.997 0.054 0.008
-0.062 0.997 0.054 0.008
-0.062 0.997 0.054 0.008
-0.062 0.997 0.054 0.008
-0.062 0.997 0.054 0.008
-0.062 0.997 0.054 0.008
-0.062 0.997 0.054 0.008
-0.062 0.997 0.054 0.008
-0.062 0.997 0.054 0.008
-0.062 0.997 0.054 0.008
-0.062 0.997 0.054 0.008
-0.062 0.997 0.054 0.008
-0.062 0.997 0.054 0.008
-0.062 0.997 0.054 0.008
-0.062 0.997 0.054 0.008
-0.062 0.997 0.054 0.008
-0.062 0.997 0.054 0.008
-0.062 0.997 0.054 0.008
-0.062 0.997 0.054 0.008
-0.062 0.997 0.054 0.008
-0.062 0.997 0.054 0.008
-0.062 0.997 0.054 0.008
-0.062 0.997 0.054 0.008
-0.062 0.997 0.054 0.008
-0.062 0.997 0.054 0.008
-0.062 0.997 0.054 0.008
-0.062 0.997 0.054 0.008
-0.062 0.997 0.054 0.008
-0.062 0.997 0.054 0.008
-0.062 0.997 0.054 0.008
-0.062 0.997 0.054 0.008
-0.062 0.997 0.054 0.008
-0.063 0.997 0.054 0.007
-0.063 0.997 0.054 0.007
-0.063 0.997 0.054 0.007
-0.063 0.997 0.054 0.007
-0.063 0.997 0.054 0.007
-0.063 0.997 0.054 0.007
-0.063 0.997 0.054 0.007
-0.063 0.997 0.054 0.007
-0.063 0.997 0.054 0.007
-0.063 0.997 0.054 0.007
-0.063 0.997 0.054 0.007
-0.063 0.997 0.054 0.007
-0.063 0.997 0.054 0.007
-0.063 0.997 0.054 0.007
-0.063 0.997 0.054 0.007
-0.063 0.997 0.054 0.007
-0.063 0.997 0.054 0.007
-0.063 0.997 0.054 0.007
-0.063 0.997 0.054 0.007
-0.063 0.997 0.054 0.007
-0.063 0.997 0.054 0.007
-0.063 0.997 0.054 0.007
-0.063 0.997 0.054 0.007
-0.063 0.996 0.054 0.007
-0.063 0.996 0.054 0.007
-0.063 0.996 0.054 0.007
-0.063 0.996 0.054 0.007
-0.063 0.996 0.054 0.007
-0.063 0.996 0.054 0.007
-0.063 0.996 0.054 0.007
-0.063 0.996 0.054 0.007
-0.063 0.996 0.054 0.007
-0.063 0.996 0.054 0.007
-0.063 0.996 0.054 0.007
-0.063 0.996 0.054 0.007
-0.063 0.996 0.054 0.006
-0.063 0.996 0.054 0.006
-0.063 0.996 0.054 0.006
-0.063 0.996 0.054 0.006
-0.063 0.996 0.054 0.006
-0.063 0.996 0.054 0.006
-0.063 0.996 0.054 0.006
-0.063 0.996 0.054 0.006
-0.063 0.996 0.054 0.006
-0.063 0.996 0.054 0.006
-0.063 0.996 0.054 0.006
-0.064 0.996 0.054 0.006
-0.064 0.996 0.054 0.006
-0.064 0.996 0.054 0.006
-0.064 0.996 0.054 0.006
-0.064 0.996 0.054 0.006
-0.064 0.996 0.054 0.006
-0.064 0.996 0.054 0.006
-0.064 0.996 0.054 0.006
-0.064 0.996 0.054 0.006
-0.064 0.996 0.054 0.006
-0.064 0.996 0.054 0.006
-0.064 0.996 0.054 0.006
-0.064 0.996 0.054 0.006
-0.064 0.996 0.054 0.006
-0.064 0.996 0.054 0.006
-0.064 0.996 0.054 0.006
-0.064 0.996 0.054 0.006
-0.064 0.996 0.054 0.006
-0.064 0.996 0.054 0.006
-0.064 0.996 0.054 0.006
-0.064 0.996 0.054 0.006
-0.064 0.996 0.054 0.006
-0.064 0.996 0.054 0.006
-0.064 0.996 0.054 0.005
-0.064 0.996 0.054 0.005
-0.064 0.996 0.054 0.005
-0.064 0.996 0.054 0.005
-0.064 0.996 0.054 0.005
-0.064 0.996 0.054 0.005
-0.064 0.996 0.054 0.005
-0.064 0.996 0.054 0.005
-0.064 0.996 0.054 0.005
-0.064 0.996 0.054 0.005
-0.064 0.996 0.054 0.005
-0.064 0.996 0.054 0.005
-0.064 0.996 0.054 0.005
-0.064 0.996 0.054 0.005
-0.064 0.996 0.054 0.005
-0.064 0.996 0.054 0.005
-0.064 0.996 0.054 0.005
-0.064 0.996 0.054 0.005
-0.064 0.996 0.054 0.005
-0.064 0.996 0.054 0.005
-0.064 0.996 0.054 0.005
-0.064 0.996 0.054 0.005
-0.064 0.996 0.054 0.005
-0.064 0.996 0.054 0.005
-0.064 0.996 0.054 0.005
-0.064 0.996 0.054 0.005
-0.064 0.996 0.054 0.005
-0.064 0.996 0.054 0.005
-0.064 0.996 0.054 0.005
-0.064 0.996 0.054 0.005
-0.065 0.996 0.054 0.005
-0.065 0.996 0.054 0.005
-0.065 0.996 0.054 0.005
-0.065 0.996 0.054 0.005
-0.065 0.996 0.054 0.004
-0.065 0.996 0.054 0.004
-0.065 0.996 0.054 0.004
-0.065 0.996 0.054 0.004
-0.065 0.996 0.054 0.004
-0.065 0.996 0.054 0.004
-0.065 0.996 0.054 0.004
-0.065 0.996 0.054 0.004
-0.065 0.996 0.054 0.004
-0.065 0.996 0.054 0.004
-0.065 0.996 0.054 0.004
-0.065 0.996 0.054 0.004
-0.065 0.996 0.054 0.004
-0.065 0.996 0.054 0.004
-0.065 0.996 0.054 0.004
-0.065 0.996 0.054 0.004
-0.065 0.996 0.054 0.004
-0.065 0.996 0.054 0.004
-0.065 0.996 0.054 0.004
-0.065 0.996 0.054 0.004
-0.065 0.996 0.054 0.004
-0.065 0.996 0.054 0.004
-0.065 0.996 0.054 0.004
-0.065 0.996 0.054 0.004
-0.065 0.996 0.054 0.004
-0.065 0.996 0.054 0.004
-0.065 0.996 0.054 0.004
-0.065 0.996 0.054 0.004
-0.065 0.996 0.054 0.004
-0.065 0.996 0.054 0.004
-0.065 0.996 0.054 0.004
-0.065 0.996 0.054 0.004
-0.065 0.996 0.054 0.004
-0.065 0.996 0.054 0.003
-0.065 0.996 0.054 0.003
-0.065 0.996 0.054 0.003
-0.065 0.996 0.054 0.003
-0.065 0.996 0.054 0.003
-0.065 0.996 0.054 0.003
-0.065 0.996 0.054 0.003
-0.065 0.996 0.054 0.003
-0.065 0.996 0.054 0.003
-0.065 0.996 0.054 0.003
-0.065 0.996 0.054 0.003
-0.065 0.996 0.054 0.003
-0.065 0.996 0.054 0.003
-0.065 0.996 0.054 0.003
-0.065 0.996 0.054 0.003
-0.065 0.996 0.054 0.003
-0.065 0.996 0.054 0.003
-0.065 0.996 0.054 0.003
-0.065 0.996 0.054 0.003
-0.065 0.996 0.054 0.003
-0.065 0.996 0.054 0.003
-0.065 0.996 0.054 0.003
-0.065 0.996 0.054 0.003
-0.065 0.996 0.054 0.003
-0.065 0.996 0.054 0.003
-0.065 0.996 0.054 0.003
-0.065 0.996 0.054 0.003
-0.065 0.996 0.054 0.003
-0.065 0.996 0.054 0.003
-0.066 0.996 0.054 0.003
-0.066 0.996 0.054 0.003
-0.066 0.996 0.054 0.003
-0.066 0.996 0.054 0.003
-0.066 0.996 0.054 0.002
-0.066 0.996 0.054 0.002
-0.066 0.996 0.054 0.002
-0.066 0.996 0.054 0.002
-0.066 0.996 0.054 0.002
-0.066 0.996 0.054 0.002
-0.066 0.996 0.054 0.002
-0.066 0.996 0.054 0.002
-0.066 0.996 0.054 0.002
-0.066 0.996 0.054 0.002
-0.066 0.996 0.054 0.002
-0.066 0.996 0.054 0.002
-0.066 0.996 0.054 0.002
-0.066 0.996 0.054 0.002
-0.066 0.996 0.054 0.002
-0.066 0.996 0.054 0.002
-0.066 0.996 0.054 0.002
-0.066 0.996 0.054 0.002
-0.066 0.996 0.054 0.002
-0.066 0.996 0.054 0.002
-0.066 0.996 0.054 0.002
-0.066 0.996 0.054 0.002
-0.066 0.996 0.054 0.002
-0.066 0.996 0.054 0.002
-0.066 0.996 0.054 0.002
-0.066 0.996 0.054 0.002
-0.066 0.996 0.054 0.002
-0.066 0.996 0.054 0.002
-0.066 0.996 0.054 0.002
-0.066 0.996 0.054 0.002
-0.066 0.996 0.054 0.002
-0.066 0.996 0.054 0.002
-0.066 0.996 0.054 0.002
-0.066 0.996 0.054 0.001
-0.066 0.996 0.054 0.001
-0.066 0.996 0.054 0.001
-0.066 0.996 0.054 0.001
-0.066 0.996 0.054 0.001
-0.066 0.996 0.054 0.001
-0.066 0.996 0.054 0.001
-0.066 0.996 0.054 0.001
-0.066 0.996 0.054 0.001
-0.066 0.996 0.054 0.001
-0.066 0.996 0.054 0.001
-0.066 0.996 0.054 0.001
-0.066 0.996 0.054 0.001
-0.066 0.996 0.054 0.001
-0.066 0.996 0.054 0.001
-0.066 0.996 0.054 0.001
-0.066 0.996 0.054 0.001
-0.066 0.996 0.054 0.001
-0.066 0.996 0.054 0.001
-0.066 0.996 0.054 0.001
-0.066 0.996 0.054 0.001
-0.066 0.996 0.054 0.001
-0.066 0.996 0.054 0.001
-0.066 0.996 0.054 0.001
-0.066 0.996 0.054 0.001
-0.066 0.996 0.054 0.001
-0.066 0.996 0.054 0.001
-0.066 0.996 0.054 0.001
-0.066 0.996 0.054 0.001
-0.066 0.996 0.054 0.001
-0.066 0.996 0.054 0.001
-0.066 0.996 0.054 0.001
-0.066 0.996 0.054 0.001
-0.066 0.996 0.054 0.000
-0.066 0.996 0.054 0.000
-0.066 0.996 0.054 0.000
-0.066 0.996 0.054 0.000
-0.066 0.996 0.054 0.000
-0.066 0.996 0.054 0.000
-0.066 0.996 0.054 0.000
-0.066 0.996 0.054 0.000
-0.066 0.996 0.054 0.000
-0.066 0.996 0.054 0.000
-0.066 0.996 0.054 0.000
-0.066 0.996 0.054 0.000
-0.066 0.996 0.054 0.000
-0.066 0.996 0.054 0.000
-0.066 0.996 0.054 0.000
-0.066 0.996 0.054 0.000
-0.066 0.996 0.054 0.000
-0.066 0.996 0.054 -0.000
-0.066 0.996 0.054 -0.000
-0.066 0.996 0.054 -0.000
-0.066 0.996 0.054 -0.000
-0.066 0.996 0.054 -0.000
-0.066 0.996 0.054 -0.000
-0.066 0.996 0.054 -0.000
-0.066 0.996 0.054 -0.000
-0.066 0.996 0.054 -0.000
-0.066 0.996 0.054 -0.000
-0.066 0.996 0.054 -0.000
-0.066 0.996 0.054 -0.000
-0.066 0.996 0.053 -0.000
-0.066 0.996 0.053 -0.000
-0.067 0.996 0.053 -0.000
-0.067 0.996 0.053 -0.000
-0.067 0.996 0.053 -0.000
-0.067 0.996 0.053 -0.001
-0.067 0.996 0.053 -0.001
-0.067 0.996 0.053 -0.001
-0.067 0.996 0.053 -0.001
-0.067 0.996 0.053 -0.001
-0.067 0.996 0.053 -0.001
-0.067 0.996 0.053 -0.001
-0.067 0.996 0.053 -0.001
-0.067 0.996 0.053 -0.001
-0.067 0.996 0.053 -0.001
-0.067 0.996 0.053 -0.001
-0.067 0.996 0.053 -0.001
-0.067 0.996 0.053 -0.001
-0.067 0.996 0.053 -0.001
-0.067 0.996 0.053 -0.001
-0.067 0.996 0.053 -0.001
-0.067 0.996 0.053 -0.001
-0.067 0.996 0.053 -0.001
-0.067 0.996 0.053 -0.001
-0.067 0.996 0.053 -0.001
-0.067 0.996 0.053 -0.001
-0.067 0.996 0.053 -0.001
-0.067 0.996 0.053 -0.001
-0.067 0.996 0.053 -0.001
-0.067 0.996 0.053 -0.001
-0.067 0.996 0.053 -0.001
-0.067 0.996 0.053 -0.001
-0.067 0.996 0.053 -0.001
-0.067 0.996 0.053 -0.001
-0.067 0.996 0.053 -0.001
-0.067 0.996 0.053 -0.001
-0.067 0.996 0.053 -0.001
-0.067 0.996 0.053 -0.001
-0.067 0.996 0.053 -0.001
-0.067 0.996 0.053 -0.001
-0.067 0.996 0.053 -0.002
-0.067 0.996 0.053 -0.002
-0.067 0.996 0.053 -0.002
-0.067 0.996 0.053 -0.002
-0.067 0.996 0.053 -0.002
-0.067 0.996 0.053 -0.002
-0.067 0.996 0.053 -0.002
-0.067 0.996 0.053 -0.002
-0.067 0.996 0.053 -0.002
-0.067 0.996 0.053 -0.002
-0.067 0.996 0.053 -0.002
-0.067 0.996 0.053 -0.002
-0.067 0.996 0.053 -0.002
-0.067 0.996 0.053 -0.002
-0.067 0.996 0.053 -0.002
-0.067 0.996 0.053 -0.002
-0.067 0.996 0.053 -0.002
-0.067 0.996 0.053 -0.002
-0.067 0.996 0.053 -0.002
-0.067 0.996 0.053 -0.002
-0.067 0.996 0.053 -0.002
-0.067 0.996 0.053 -0.002
-0.067 0.996 0.053 -0.002
-0.067 0.996 0.053 -0.002
-0.067 0.996 0.053 -0.002
-0.067 0.996 0.053 -0.002
-0.067 0.996 0.053 -0.002
-0.067 0.996 0.053 -0.002
-0.067 0.996 0.053 -0.002
-0.067 0.996 0.053 -0.002
-0.067 0.996 0.053 -0.002
-0.067 0.996 0.053 -0.002
-0.067 0.996 0.053 -0.002
-0.067 0.996 0.053 -0.002
-0.067 0.996 0.053 -0.002
-0.067 0.996 0.053 -0.002
-0.067 0.996 0.053 -0.002
-0.067 0.996 0.053 -0.003
-0.067 0.996 0.053 -0.003
-0.067 0.996 0.053 -0.003
-0.067 0.996 0.053 -0.003
-0.067 0.996 0.053 -0.003
-0.067 0.996 0.053 -0.003
-0.067 0.996 0.053 -0.003
-0.067 0.996 0.053 -0.003
-0.067 0.996 0.053 -0.003
-0.067 0.996 0.053 -0.003
-0.067 0.996 0.053 -0.003
-0.067 0.996 0.053 -0.003
-0.067 0.996 0.053 -0.003
-0.067 0.996 0.053 -0.003
-0.067 0.996 0.053 -0.003
-0.067 0.996 0.053 -0.003
-0.067 0.996 0.053 -0.003
-0.067 0.996 0.053 -0.003
-0.067 0.996 0.053 -0.003
-0.067 0.996 0.053 -0.003
-0.067 0.996 0.053 -0.003
-0.067 0.996 0.053 -0.003
-0.067 0.996 0.053 -0.003
-0.067 0.996 0.053 -0.003
-0.067 0.996 0.053 -0.003
-0.067 0.996 0.053 -0.003
-0.067 0.996 0.053 -0.003
-0.067 0.996 0.053 -0.003
-0.067 0.996 0.053 -0.003
-0.067 0.996 0.053 -0.003
-0.067 0.996 0.053 -0.003
-0.067 0.996 0.053 -0.003
