0.307 -0.015 0.488
0.307 -0.015 0.488
0.307 -0.015 0.488
0.307 -0.015 0.488
0.307 -0.015 0.488
0.307 -0.015 0.488
0.307 -0.015 0.488
0.307 -0.015 0.488
0.307 -0.015 0.488
0.307 -0.015 0.488
0.307 -0.015 0.488
0.307 -0.015 0.488
0.307 -0.015 0.488
0.307 -0.015 0.488
0.307 -0.015 0.488
0.307 -0.015 0.488
0.307 -0.015 0.488
0.307 -0.015 0.488
0.307 -0.015 0.488
0.307 -0.015 0.488
0.307 -0.015 0.488
0.307 -0.015 0.488
0.307 -0.015 0.488
0.307 -0.015 0.488
0.307 -0.015 0.488
0.307 -0.014 0.488
0.307 -0.014 0.488
0.307 -0.014 0.488
0.307 -0.014 0.488
0.307 -0.014 0.488
0.307 -0.014 0.488
0.307 -0.014 0.488
0.307 -0.014 0.488
0.307 -0.014 0.488
0.307 -0.014 0.488
0.307 -0.014 0.488
0.307 -0.014 0.488
0.307 -0.014 0.488
0.307 -0.014 0.488
0.307 -0.014 0.488
0.307 -0.014 0.488
0.307 -0.014 0.488
0.307 -0.014 0.488
0.307 -0.014 0.488
0.307 -0.014 0.488
0.307 -0.014 0.488
0.307 -0.014 0.488
0.307 -0.014 0.488
0.307 -0.014 0.488
0.307 -0.014 0.488
0.307 -0.014 0.488
0.307 -0.014 0.488
0.307 -0.014 0.488
0.307 -0.014 0.488
0.307 -0.014 0.488
0.307 -0.014 0.488
0.307 -0.014 0.488
0.307 -0.014 0.488
0.307 -0.014 0.488
0.307 -0.014 0.488
0.307 -0.014 0.488
0.307 -0.014 0.488
0.307 -0.014 0.488
0.307 -0.014 0.488
0.307 -0.014 0.488
0.307 -0.014 0.488
0.307 -0.013 0.488
0.307 -0.013 0.488
0.307 -0.013 0.488
0.307 -0.013 0.488
0.307 -0.013 0.488
0.307 -0.013 0.488
0.307 -0.013 0.488
0.307 -0.013 0.488
0.307 -0.013 0.488
0.307 -0.013 0.488
0.307 -0.013 0.488
0.307 -0.013 0.488
0.307 -0.013 0.488
0.307 -0.013 0.488
0.307 -0.013 0.488
0.307 -0.013 0.488
0.307 -0.013 0.488
0.307 -0.013 0.488
0.307 -0.013 0.488
0.307 -0.013 0.488
0.307 -0.013 0.488
0.307 -0.013 0.488
0.307 -0.013 0.488
0.307 -0.013 0.488
0.307 -0.013 0.488
0.307 -0.013 0.488
0.307 -0.013 0.488
0.307 -0.013 0.488
0.307 -0.013 0.488
0.307 -0.013 0.488
0.307 -0.013 0.488
0.307 -0.013 0.488
0.307 -0.013 0.488
0.307 -0.013 0.488
0.307 -0.013 0.488
0.307 -0.013 0.488
0.307 -0.013 0.488
0.307 -0.013 0.488
0.307 -0.013 0.488
0.307 -0.013 0.488
0.307 -0.012 0.488
0.307 -0.012 0.488
0.307 -0.012 0.488
0.307 -0.012 0.488
0.307 -0.012 0.488
0.307 -0.012 0.488
0.307 -0.012 0.488
0.307 -0.012 0.488
0.307 -0.012 0.488
0.307 -0.012 0.488
0.307 -0.012 0.488
0.307 -0.012 0.488
0.307 -0.012 0.488
0.307 -0.012 0.488
0.307 -0.012 0.488
0.307 -0.012 0.488
0.307 -0.012 0.488
0.307 -0.012 0.488
0.307 -0.012 0.488
0.307 -0.012 0.488
0.307 -0.012 0.488
0.307 -0.012 0.488
0.307 -0.012 0.488
0.307 -0.012 0.488
0.307 -0.012 0.488
0.307 -0.012 0.488
0.307 -0.012 0.488
0.307 -0.012 0.488
0.307 -0.012 0.488
0.307 -0.012 0.488
0.307 -0.012 0.488
0.307 -0.012 0.488
0.307 -0.012 0.488
0.307 -0.012 0.488
0.307 -0.012 0.488
0.307 -0.012 0.488
0.307 -0.012 0.488
0.307 -0.012 0.488
0.307 -0.012 0.488
0.307 -0.012 0.488
0.307 -0.011 0.488
0.307 -0.011 0.488
0.307 -0.011 0.488
0.307 -0.011 0.488
0.307 -0.011 0.488
0.307 -0.011 0.488
0.307 -0.011 0.488
0.307 -0.011 0.488
0.307 -0.011 0.488
0.307 -0.011 0.488
0.307 -0.011 0.488
0.307 -0.011 0.488
0.307 -0.011 0.488
0.307 -0.011 0.488
0.307 -0.011 0.488
0.307 -0.011 0.488
0.307 -0.011 0.488
0.307 -0.011 0.488
0.307 -0.011 0.488
0.307 -0.011 0.488
0.307 -0.011 0.488
0.307 -0.011 0.488
0.307 -0.011 0.488
0.307 -0.011 0.488
0.307 -0.011 0.488
0.307 -0.011 0.488
0.307 -0.011 0.488
0.307 -0.011 0.488
0.307 -0.011 0.488
0.307 -0.011 0.488
0.307 -0.011 0.488
0.307 -0.011 0.488
0.307 -0.011 0.488
0.307 -0.011 0.488
0.307 -0.011 0.488
0.307 -0.011 0.488
0.307 -0.011 0.488
0.307 -0.011 0.488
0.307 -0.011 0.488
0.307 -0.011 0.488
0.307 -0.011 0.488
0.307 -0.010 0.488
0.307 -0.010 0.488
0.307 -0.010 0.488
0.307 -0.010 0.488
0.307 -0.010 0.488
0.307 -0.010 0.488
0.307 -0.010 0.488
0.307 -0.010 0.488
0.307 -0.010 0.488
0.307 -0.010 0.488
0.307 -0.010 0.488
0.307 -0.010 0.488
0.307 -0.010 0.488
0.307 -0.010 0.488
0.307 -0.010 0.488
0.307 -0.010 0.488
0.307 -0.010 0.488
0.307 -0.010 0.488
0.307 -0.010 0.488
0.307 -0.010 0.488
0.307 -0.010 0.488
0.307 -0.010 0.488
0.307 -0.010 0.488
0.307 -0.010 0.488
0.307 -0.010 0.488
0.307 -0.010 0.488
0.307 -0.010 0.488
0.307 -0.010 0.488
0.307 -0.010 0.488
0.307 -0.010 0.488
0.307 -0.010 0.488
0.307 -0.010 0.488
0.307 -0.010 0.488
0.307 -0.010 0.488
0.307 -0.010 0.488
0.307 -0.010 0.488
0.307 -0.010 0.488
0.307 -0.010 0.488
0.307 -0.010 0.488
0.307 -0.010 0.488
0.307 -0.009 0.488
0.307 -0.009 0.488
0.307 -0.009 0.488
0.307 -0.009 0.488
0.307 -0.009 0.488
0.306 -0.009 0.488
0.306 -0.009 0.488
0.306 -0.009 0.488
0.306 -0.009 0.488
0.306 -0.009 0.488
0.306 -0.009 0.488
0.306 -0.009 0.488
0.306 -0.009 0.488
0.306 -0.009 0.488
0.306 -0.009 0.488
0.306 -0.009 0.488
0.306 -0.009 0.488
0.306 -0.009 0.488
0.306 -0.009 0.488
0.306 -0.009 0.488
0.306 -0.009 0.488
0.306 -0.009 0.488
0.306 -0.009 0.488
0.306 -0.009 0.488
0.306 -0.009 0.488
0.306 -0.009 0.488
0.306 -0.009 0.488
0.306 -0.009 0.488
0.306 -0.009 0.488
0.306 -0.009 0.488
0.306 -0.009 0.488
0.306 -0.009 0.488
0.306 -0.009 0.488
0.306 -0.009 0.488
0.306 -0.009 0.488
0.306 -0.009 0.488
0.306 -0.009 0.488
0.306 -0.009 0.488
0.306 -0.009 0.488
0.306 -0.009 0.488
0.306 -0.009 0.488
0.306 -0.008 0.488
0.306 -0.008 0.488
0.306 -0.008 0.488
0.306 -0.008 0.488
0.306 -0.008 0.488
0.306 -0.008 0.488
0.306 -0.008 0.488
0.306 -0.008 0.488
0.306 -0.008 0.488
0.306 -0.008 0.488
0.306 -0.008 0.488
0.306 -0.008 0.488
0.306 -0.008 0.488
0.306 -0.008 0.488
0.306 -0.008 0.488
0.306 -0.008 0.488
0.306 -0.009 0.488
0.306 -0.009 0.488
0.306 -0.009 0.488
0.306 -0.009 0.488
0.306 -0.009 0.488
0.306 -0.009 0.488
0.306 -0.009 0.488
0.306 -0.009 0.488
0.306 -0.009 0.488
0.306 -0.009 0.488
0.306 -0.009 0.488
0.306 -0.009 0.488
0.306 -0.009 0.488
0.306 -0.009 0.488
0.306 -0.009 0.488
0.306 -0.009 0.488
0.306 -0.009 0.488
0.306 -0.008 0.488
0.306 -0.008 0.488
0.306 -0.008 0.488
0.306 -0.008 0.488
0.306 -0.008 0.488
0.306 -0.008 0.488
0.306 -0.008 0.488
0.306 -0.008 0.488
0.306 -0.008 0.488
0.306 -0.008 0.488
0.306 -0.008 0.488
0.306 -0.008 0.488
0.306 -0.008 0.488
0.306 -0.008 0.488
0.306 -0.008 0.488
0.306 -0.008 0.488
0.306 -0.008 0.488
0.306 -0.007 0.488
0.306 -0.007 0.488
0.306 -0.007 0.488
0.306 -0.007 0.488
0.306 -0.007 0.488
0.306 -0.007 0.488
0.306 -0.007 0.488
0.306 -0.007 0.488
0.306 -0.007 0.488
0.306 -0.007 0.488
0.306 -0.007 0.488
0.306 -0.007 0.488
0.306 -0.007 0.488
0.306 -0.007 0.488
0.306 -0.007 0.488
0.306 -0.007 0.488
0.306 -0.007 0.488
0.306 -0.006 0.488
0.306 -0.006 0.488
0.306 -0.006 0.488
0.306 -0.006 0.488
0.306 -0.006 0.488
0.306 -0.006 0.488
0.306 -0.006 0.488
0.306 -0.006 0.488
0.306 -0.006 0.488
0.306 -0.006 0.488
0.306 -0.006 0.488
0.306 -0.006 0.488
0.306 -0.006 0.488
0.306 -0.006 0.488
0.306 -0.006 0.488
0.306 -0.006 0.488
0.306 -0.006 0.488
0.306 -0.005 0.488
0.306 -0.005 0.488
0.306 -0.005 0.488
0.306 -0.005 0.488
0.306 -0.005 0.488
0.306 -0.005 0.488
0.306 -0.005 0.488
0.306 -0.005 0.488
0.306 -0.005 0.488
0.306 -0.005 0.488
0.306 -0.005 0.488
0.306 -0.005 0.488
0.306 -0.005 0.488
0.306 -0.005 0.488
0.306 -0.005 0.488
0.306 -0.005 0.488
0.306 -0.005 0.488
0.306 -0.004 0.488
0.306 -0.004 0.488
0.306 -0.004 0.488
0.306 -0.004 0.488
0.306 -0.004 0.488
0.306 -0.004 0.488
0.306 -0.004 0.488
0.306 -0.004 0.488
0.306 -0.004 0.488
0.306 -0.004 0.488
0.306 -0.004 0.488
0.306 -0.004 0.488
0.306 -0.004 0.488
0.306 -0.004 0.488
0.306 -0.004 0.488
0.306 -0.004 0.488
0.306 -0.004 0.488
0.306 -0.004 0.488
0.306 -0.003 0.488
0.306 -0.003 0.488
0.306 -0.003 0.488
0.306 -0.003 0.488
0.306 -0.003 0.488
0.306 -0.003 0.488
0.306 -0.003 0.488
0.306 -0.003 0.488
0.306 -0.003 0.488
0.306 -0.003 0.488
0.306 -0.003 0.488
0.306 -0.003 0.488
0.306 -0.003 0.488
0.306 -0.003 0.488
0.306 -0.003 0.488
0.306 -0.003 0.488
0.306 -0.003 0.488
0.306 -0.002 0.488
0.306 -0.002 0.488
0.306 -0.002 0.488
0.306 -0.002 0.488
0.306 -0.002 0.488
0.306 -0.002 0.488
0.306 -0.002 0.488
0.306 -0.002 0.488
0.306 -0.002 0.488
0.306 -0.002 0.488
0.306 -0.002 0.488
0.306 -0.002 0.488
0.306 -0.002 0.488
0.306 -0.002 0.488
0.306 -0.002 0.488
0.306 -0.002 0.488
0.306 -0.002 0.488
0.306 -0.001 0.488
0.306 -0.001 0.488
0.306 -0.001 0.488
0.306 -0.001 0.488
0.306 -0.001 0.488
0.306 -0.001 0.488
0.306 -0.001 0.488
0.306 -0.001 0.488
0.306 -0.001 0.488
0.306 -0.001 0.488
0.306 -0.001 0.488
0.306 -0.001 0.488
0.306 -0.001 0.488
0.306 -0.001 0.488
0.306 -0.001 0.488
0.306 -0.001 0.488
0.306 -0.001 0.488
0.306 -0.000 0.488
0.306 -0.000 0.488
0.306 -0.000 0.488
0.306 -0.000 0.488
0.306 -0.000 0.488
0.306 -0.000 0.488
0.306 -0.000 0.488
0.306 -0.000 0.488
0.306 0.000 0.488
0.306 0.000 0.488
0.306 0.000 0.488
0.306 0.000 0.488
0.306 0.000 0.488
0.306 0.000 0.488
0.306 0.000 0.488
0.306 0.000 0.488
0.306 0.000 0.488
0.306 0.001 0.488
0.306 0.001 0.488
0.306 0.001 0.488
0.306 0.001 0.488
0.306 0.001 0.488
0.306 0.001 0.488
0.306 0.001 0.488
0.306 0.001 0.488
0.306 0.001 0.488
0.306 0.001 0.488
0.306 0.001 0.488
0.306 0.001 0.488
0.306 0.001 0.488
0.306 0.001 0.488
0.306 0.001 0.488
0.306 0.001 0.488
0.306 0.001 0.488
0.306 0.002 0.488
0.306 0.002 0.488
0.306 0.002 0.488
0.306 0.002 0.488
0.306 0.002 0.488
0.306 0.002 0.488
0.306 0.002 0.488
0.306 0.002 0.488
0.306 0.002 0.488
0.306 0.002 0.488
0.306 0.002 0.488
0.306 0.002 0.488
0.306 0.002 0.488
0.306 0.002 0.488
0.306 0.002 0.488
0.306 0.002 0.488
0.306 0.002 0.488
0.306 0.003 0.488
0.306 0.003 0.488
0.306 0.003 0.488
0.306 0.003 0.488
0.306 0.003 0.488
0.306 0.003 0.488
0.306 0.003 0.488
0.306 0.003 0.488
0.306 0.003 0.488
0.306 0.003 0.488
0.306 0.003 0.488
0.306 0.003 0.488
0.306 0.003 0.488
0.306 0.003 0.488
0.306 0.003 0.488
0.306 0.003 0.488
0.306 0.003 0.488
0.306 0.004 0.488
0.306 0.004 0.488
0.306 0.004 0.488
0.306 0.004 0.488
0.306 0.004 0.488
0.306 0.004 0.488
0.306 0.004 0.488
0.306 0.004 0.488
0.306 0.004 0.488
0.306 0.004 0.488
0.306 0.004 0.488
0.306 0.004 0.488
0.306 0.004 0.488
0.306 0.004 0.488
0.306 0.004 0.488
0.306 0.004 0.488
0.306 0.004 0.488
0.306 0.005 0.488
0.306 0.005 0.488
0.306 0.005 0.488
0.306 0.005 0.488
0.306 0.005 0.488
0.306 0.005 0.488
0.306 0.005 0.488
0.306 0.005 0.488
0.306 0.005 0.488
0.306 0.005 0.488
0.306 0.005 0.488
0.306 0.005 0.488
0.306 0.005 0.488
0.306 0.005 0.488
0.306 0.005 0.488
0.306 0.005 0.488
0.306 0.005 0.488
0.306 0.006 0.488
0.306 0.006 0.488
0.306 0.006 0.488
0.306 0.006 0.488
0.306 0.006 0.488
0.306 0.006 0.488
0.306 0.006 0.488
0.306 0.006 0.488
0.306 0.006 0.488
0.306 0.006 0.488
0.306 0.006 0.488
0.306 0.006 0.488
0.306 0.006 0.488
0.306 0.006 0.488
0.306 0.006 0.488
0.306 0.006 0.488
0.306 0.006 0.488
0.306 0.007 0.488
0.306 0.007 0.488
0.306 0.007 0.488
0.306 0.007 0.488
0.306 0.007 0.488
0.306 0.007 0.488
0.306 0.007 0.488
0.306 0.007 0.488
0.306 0.007 0.488
0.306 0.007 0.488
0.306 0.007 0.488
0.306 0.007 0.488
0.306 0.007 0.488
0.306 0.007 0.488
0.306 0.007 0.488
0.306 0.007 0.488
0.306 0.007 0.488
0.306 0.008 0.488
0.306 0.008 0.488
0.306 0.008 0.488
0.306 0.008 0.488
0.306 0.008 0.488
0.306 0.008 0.488
0.306 0.008 0.488
0.306 0.008 0.488
0.306 0.008 0.488
0.306 0.008 0.488
0.306 0.008 0.488
0.306 0.008 0.488
0.306 0.008 0.488
0.306 0.008 0.488
0.306 0.008 0.488
0.306 0.008 0.488
0.306 0.008 0.488
0.306 0.008 0.488
0.306 0.009 0.488
0.306 0.009 0.488
0.306 0.009 0.488
0.306 0.009 0.488
0.306 0.009 0.488
0.306 0.009 0.488
0.306 0.009 0.488
0.306 0.009 0.488
0.306 0.009 0.488
0.306 0.009 0.488
0.306 0.009 0.488
0.306 0.009 0.488
0.306 0.009 0.488
0.306 0.009 0.488
0.306 0.009 0.488
0.306 0.009 0.488
0.306 0.009 0.488
0.306 0.010 0.488
0.306 0.010 0.488
0.306 0.010 0.488
0.306 0.010 0.488
0.305 0.010 0.488
0.305 0.010 0.488
0.305 0.010 0.488
0.305 0.010 0.488
0.305 0.010 0.488
0.305 0.010 0.488
0.305 0.010 0.488
0.305 0.010 0.488
0.305 0.010 0.488
0.305 0.010 0.488
0.305 0.010 0.488
0.305 0.010 0.488
0.305 0.010 0.488
0.305 0.011 0.488
0.305 0.011 0.488
0.305 0.011 0.488
0.305 0.011 0.488
0.305 0.011 0.488
0.305 0.011 0.488
0.305 0.011 0.488
0.305 0.011 0.488
0.305 0.011 0.488
0.305 0.011 0.488
0.305 0.011 0.488
0.305 0.011 0.488
0.305 0.011 0.488
0.305 0.011 0.488
0.305 0.011 0.488
0.305 0.011 0.488
0.305 0.011 0.488
0.305 0.012 0.488
0.305 0.012 0.488
0.305 0.012 0.488
0.305 0.012 0.488
0.305 0.012 0.488
0.305 0.012 0.488
0.305 0.012 0.488
0.305 0.012 0.488
0.305 0.012 0.488
0.305 0.012 0.488
0.305 0.012 0.488
0.305 0.012 0.488
0.305 0.012 0.488
0.305 0.012 0.488
0.305 0.012 0.488
0.305 0.012 0.488
0.305 0.012 0.487
0.305 0.013 0.487
0.305 0.013 0.487
0.305 0.013 0.487
0.305 0.013 0.487
0.305 0.013 0.487
0.305 0.013 0.487
0.305 0.013 0.487
0.305 0.013 0.487
0.305 0.013 0.487
0.305 0.013 0.487
0.305 0.013 0.487
0.305 0.013 0.487
0.305 0.013 0.487
0.305 0.013 0.487
0.305 0.013 0.487
0.305 0.013 0.487
0.305 0.013 0.487
0.305 0.014 0.487
0.305 0.014 0.487
0.305 0.014 0.487
0.305 0.014 0.487
0.305 0.014 0.487
0.305 0.014 0.487
0.305 0.014 0.487
0.305 0.014 0.487
0.305 0.014 0.487
0.305 0.014 0.487
0.305 0.014 0.487
0.305 0.014 0.487
0.305 0.014 0.487
0.305 0.014 0.487
0.305 0.014 0.487
0.305 0.014 0.487
0.305 0.014 0.487
0.305 0.015 0.487
0.305 0.015 0.487
0.305 0.015 0.487
0.305 0.015 0.487
0.305 0.015 0.487
0.305 0.015 0.487
0.305 0.015 0.487
0.305 0.015 0.487
0.305 0.015 0.487
0.305 0.015 0.487
0.305 0.015 0.487
0.305 0.015 0.487
0.305 0.015 0.487
0.305 0.015 0.487
0.305 0.015 0.487
0.305 0.015 0.487
0.305 0.015 0.487
0.305 0.016 0.487
0.305 0.016 0.487
0.305 0.016 0.487
0.305 0.016 0.487
0.305 0.016 0.487
0.305 0.016 0.487
0.305 0.016 0.487
0.305 0.016 0.487
0.305 0.016 0.487
0.305 0.016 0.487
0.305 0.016 0.487
0.305 0.016 0.487
0.305 0.016 0.487
0.305 0.016 0.487
0.305 0.016 0.487
0.305 0.016 0.487
0.305 0.016 0.487
0.305 0.017 0.487
0.305 0.017 0.487
0.305 0.017 0.487
0.305 0.017 0.487
0.305 0.017 0.487
0.305 0.017 0.487
0.305 0.017 0.487
0.305 0.017 0.487
0.305 0.017 0.487
0.305 0.017 0.487
0.305 0.017 0.487
0.305 0.017 0.487
0.305 0.017 0.487
0.305 0.017 0.487
0.305 0.017 0.487
0.305 0.017 0.487
0.305 0.017 0.487
0.305 0.018 0.487
0.305 0.018 0.487
0.305 0.018 0.487
0.305 0.018 0.487
0.305 0.018 0.487
0.305 0.018 0.487
0.305 0.018 0.487
0.305 0.018 0.487
0.305 0.018 0.487
0.305 0.018 0.487
0.305 0.018 0.487
0.305 0.018 0.487
0.305 0.018 0.487
0.305 0.018 0.487
0.305 0.018 0.487
0.305 0.018 0.487
0.305 0.018 0.487
0.305 0.019 0.487
0.305 0.019 0.487
0.305 0.019 0.487
0.305 0.019 0.487
0.305 0.019 0.487
0.305 0.019 0.487
0.305 0.019 0.487
0.305 0.019 0.487
0.305 0.019 0.487
0.305 0.019 0.487
0.305 0.019 0.487
0.305 0.019 0.487
0.305 0.019 0.487
0.305 0.019 0.487
0.305 0.019 0.487
0.305 0.019 0.487
0.305 0.019 0.487
0.305 0.020 0.487
0.305 0.020 0.487
0.305 0.020 0.487
0.305 0.020 0.487
0.305 0.020 0.487
0.305 0.020 0.487
0.305 0.020 0.487
0.305 0.020 0.487
0.305 0.020 0.487
0.305 0.020 0.487
0.305 0.020 0.487
0.305 0.020 0.487
0.305 0.020 0.487
0.305 0.020 0.487
0.305 0.020 0.487
0.305 0.020 0.487
0.305 0.020 0.487
0.305 0.020 0.487
0.305 0.021 0.487
0.305 0.021 0.487
0.305 0.021 0.487
0.305 0.021 0.487
0.305 0.021 0.487
0.305 0.021 0.487
0.305 0.021 0.487
0.305 0.021 0.487
0.305 0.021 0.487
0.305 0.021 0.487
0.305 0.021 0.487
0.305 0.021 0.487
0.305 0.021 0.487
0.305 0.021 0.487
0.305 0.021 0.487
0.305 0.021 0.487
0.305 0.021 0.487
0.305 0.022 0.487
0.305 0.022 0.487
0.305 0.022 0.487
0.305 0.022 0.487
0.305 0.022 0.487
0.305 0.022 0.487
0.305 0.022 0.487
0.305 0.022 0.487
0.305 0.022 0.487
0.305 0.022 0.487
0.305 0.022 0.487
0.305 0.022 0.487
0.305 0.022 0.487
0.305 0.022 0.487
0.305 0.022 0.487
0.305 0.022 0.487
0.305 0.022 0.487
0.305 0.023 0.487
0.305 0.023 0.487
0.305 0.023 0.487
0.305 0.023 0.487
0.305 0.023 0.487
0.305 0.023 0.487
0.305 0.023 0.487
0.305 0.023 0.487
0.305 0.023 0.487
0.305 0.023 0.487
0.305 0.023 0.487
0.305 0.023 0.487
0.305 0.023 0.487
0.305 0.023 0.487
0.305 0.023 0.487
0.305 0.023 0.487
0.305 0.023 0.487
0.305 0.024 0.487
0.305 0.024 0.487
0.305 0.024 0.487
0.305 0.024 0.487
0.305 0.024 0.487
0.305 0.024 0.487
0.305 0.024 0.487
0.305 0.024 0.487
0.305 0.024 0.487
0.305 0.024 0.487
0.305 0.024 0.487
0.305 0.025 0.487
0.305 0.025 0.487
0.305 0.025 0.487
0.305 0.025 0.487
0.305 0.025 0.487
0.305 0.025 0.487
0.305 0.025 0.487
0.305 0.025 0.487
0.305 0.025 0.487
0.305 0.025 0.487
0.305 0.026 0.487
0.305 0.026 0.487
0.305 0.026 0.487
0.305 0.026 0.487
0.305 0.026 0.487
0.305 0.026 0.487
0.305 0.026 0.487
0.305 0.026 0.487
0.305 0.026 0.487
0.305 0.026 0.487
0.305 0.027 0.487
0.305 0.027 0.487
0.305 0.027 0.487
0.305 0.027 0.487
0.305 0.027 0.487
0.305 0.027 0.487
0.305 0.027 0.487
0.305 0.027 0.487
0.305 0.027 0.487
0.305 0.027 0.487
0.305 0.028 0.487
0.305 0.028 0.487
0.305 0.028 0.487
0.305 0.028 0.487
0.305 0.028 0.487
0.305 0.028 0.487
0.305 0.028 0.487
0.305 0.028 0.487
0.305 0.028 0.487
0.305 0.028 0.487
0.305 0.029 0.487
0.305 0.029 0.487
0.305 0.029 0.487
0.305 0.029 0.487
0.305 0.029 0.487
0.305 0.029 0.487
0.305 0.029 0.487
0.305 0.029 0.487
0.305 0.029 0.487
0.305 0.029 0.487
0.305 0.030 0.487
0.305 0.030 0.487
0.305 0.030 0.487
0.305 0.030 0.487
0.305 0.030 0.487
0.305 0.030 0.487
0.305 0.030 0.487
0.305 0.030 0.487
0.305 0.030 0.487
0.305 0.030 0.487
0.305 0.031 0.487
0.305 0.031 0.487
0.305 0.031 0.487
0.305 0.031 0.487
0.305 0.031 0.487
0.305 0.031 0.487
0.305 0.031 0.487
0.305 0.031 0.487
0.305 0.031 0.487
0.305 0.031 0.487
0.305 0.031 0.487
0.305 0.032 0.487
0.305 0.032 0.487
0.305 0.032 0.487
0.305 0.032 0.487
0.305 0.032 0.487
0.305 0.032 0.487
0.305 0.032 0.487
0.305 0.032 0.487
0.305 0.032 0.487
0.305 0.032 0.487
0.305 0.033 0.487
0.305 0.033 0.487
0.305 0.033 0.487
0.305 0.033 0.487
0.305 0.033 0.487
0.305 0.033 0.487
0.305 0.033 0.487
0.305 0.033 0.487
0.305 0.033 0.487
0.305 0.033 0.487
0.305 0.034 0.487
0.305 0.034 0.487
0.305 0.034 0.487
0.305 0.034 0.487
0.305 0.034 0.487
0.305 0.034 0.487
0.305 0.034 0.487
0.305 0.034 0.487
0.305 0.034 0.487
0.305 0.034 0.487
0.305 0.035 0.487
0.305 0.035 0.487
0.304 0.035 0.487
0.304 0.035 0.487
0.304 0.035 0.487
0.304 0.035 0.487
0.304 0.035 0.487
0.304 0.035 0.487
0.304 0.035 0.487
0.304 0.035 0.487
0.304 0.036 0.487
0.304 0.036 0.487
0.304 0.036 0.487
0.304 0.036 0.487
0.304 0.036 0.487
0.304 0.036 0.487
0.304 0.036 0.487
0.304 0.036 0.487
0.304 0.036 0.487
0.304 0.036 0.487
0.304 0.037 0.487
0.304 0.037 0.487
0.304 0.037 0.487
0.304 0.037 0.487
0.304 0.037 0.487
0.304 0.037 0.487
0.304 0.037 0.487
0.304 0.037 0.487
0.304 0.037 0.487
0.304 0.037 0.487
0.304 0.038 0.487
0.304 0.038 0.487
0.304 0.038 0.487
0.304 0.038 0.487
0.304 0.038 0.487
0.304 0.038 0.487
0.304 0.038 0.487
0.304 0.038 0.487
0.304 0.038 0.487
0.304 0.038 0.487
0.304 0.039 0.487
0.304 0.039 0.487
0.304 0.039 0.487
0.304 0.039 0.487
0.304 0.039 0.487
0.304 0.039 0.487
0.304 0.039 0.487
0.304 0.039 0.487
0.304 0.039 0.487
0.304 0.039 0.487
0.304 0.039 0.487
0.304 0.040 0.487
0.304 0.040 0.487
0.304 0.040 0.487
0.304 0.040 0.487
0.304 0.040 0.487
0.304 0.040 0.487
0.304 0.040 0.487
0.304 0.040 0.487
0.304 0.040 0.487
0.304 0.040 0.487
0.304 0.041 0.487
0.304 0.041 0.487
0.304 0.041 0.487
0.304 0.041 0.487
0.304 0.041 0.487
0.304 0.041 0.487
0.304 0.041 0.487
0.304 0.041 0.487
0.304 0.041 0.487
0.304 0.041 0.487
0.304 0.042 0.487
0.304 0.042 0.487
0.304 0.042 0.487
0.304 0.042 0.487
0.304 0.042 0.487
0.304 0.042 0.487
0.304 0.042 0.487
0.304 0.042 0.487
0.304 0.042 0.487
0.304 0.042 0.487
0.304 0.043 0.487
0.304 0.043 0.487
0.304 0.043 0.487
0.304 0.043 0.487
0.304 0.043 0.487
0.304 0.043 0.487
0.304 0.043 0.487
0.304 0.043 0.487
0.304 0.043 0.487
0.304 0.043 0.487
0.304 0.044 0.487
0.304 0.044 0.487
0.304 0.044 0.487
0.304 0.044 0.487
0.304 0.044 0.487
0.304 0.044 0.487
0.304 0.044 0.487
0.304 0.044 0.487
0.304 0.044 0.487
0.304 0.044 0.487
0.304 0.045 0.487
0.304 0.045 0.487
0.304 0.045 0.487
0.304 0.045 0.487
0.304 0.045 0.487
0.304 0.045 0.487
0.304 0.045 0.487
0.304 0.045 0.487
0.304 0.045 0.487
0.304 0.045 0.487
0.304 0.046 0.487
0.304 0.046 0.487
0.304 0.046 0.487
0.304 0.046 0.487
0.304 0.046 0.487
0.304 0.046 0.487
0.304 0.046 0.487
0.304 0.046 0.487
0.304 0.046 0.487
0.304 0.046 0.487
0.304 0.047 0.487
0.304 0.047 0.487
0.304 0.047 0.487
0.304 0.047 0.487
0.304 0.047 0.487
0.304 0.047 0.487
0.304 0.047 0.487
0.304 0.047 0.487
0.304 0.047 0.487
0.304 0.047 0.487
0.304 0.047 0.487
0.304 0.048 0.487
0.304 0.048 0.487
0.304 0.048 0.487
0.304 0.048 0.487
0.304 0.048 0.487
0.304 0.048 0.487
0.304 0.048 0.487
0.304 0.048 0.487
0.304 0.048 0.487
0.304 0.048 0.487
0.304 0.049 0.487
0.304 0.049 0.487
0.304 0.049 0.487
0.304 0.049 0.487
0.304 0.049 0.487
0.304 0.049 0.487
0.304 0.049 0.487
0.304 0.049 0.487
0.304 0.049 0.487
0.304 0.049 0.487
0.304 0.050 0.487
0.304 0.050 0.487
0.304 0.050 0.487
0.304 0.050 0.487
0.304 0.050 0.487
0.304 0.050 0.487
0.304 0.050 0.487
0.304 0.050 0.487
0.304 0.050 0.487
0.304 0.050 0.487
0.304 0.051 0.487
0.304 0.051 0.487
0.304 0.051 0.487
0.304 0.051 0.487
0.304 0.051 0.487
0.304 0.051 0.487
0.304 0.051 0.487
0.304 0.051 0.487
0.304 0.051 0.487
0.304 0.051 0.487
0.304 0.052 0.487
0.304 0.052 0.487
0.304 0.052 0.487
0.304 0.052 0.487
0.304 0.052 0.487
0.304 0.052 0.487
0.304 0.052 0.487
0.304 0.052 0.487
0.304 0.052 0.487
0.304 0.052 0.487
0.304 0.053 0.487
0.304 0.053 0.487
0.304 0.053 0.487
0.304 0.053 0.487
0.304 0.053 0.487
0.304 0.053 0.487
0.304 0.053 0.487
0.304 0.053 0.487
0.304 0.053 0.487
0.304 0.053 0.487
0.304 0.054 0.487
0.304 0.054 0.487
0.304 0.054 0.487
0.304 0.054 0.487
0.304 0.054 0.487
0.304 0.054 0.487
0.304 0.054 0.487
0.304 0.054 0.487
0.304 0.054 0.487
0.304 0.054 0.487
0.304 0.055 0.487
0.304 0.055 0.487
0.304 0.055 0.487
0.304 0.055 0.487
0.304 0.055 0.487
0.304 0.055 0.487
0.304 0.055 0.487
0.304 0.055 0.487
0.304 0.055 0.487
0.304 0.055 0.487
0.304 0.055 0.487
0.304 0.056 0.487
0.304 0.056 0.487
0.304 0.056 0.487
0.304 0.056 0.487
0.304 0.056 0.487
0.304 0.056 0.487
0.304 0.056 0.487
0.304 0.056 0.487
0.304 0.056 0.487
0.304 0.056 0.487
0.304 0.057 0.487
0.304 0.057 0.487
0.304 0.057 0.487
0.304 0.057 0.487
0.304 0.057 0.487
0.304 0.057 0.487
0.304 0.057 0.487
0.304 0.057 0.487
0.304 0.057 0.487
0.304 0.057 0.487
0.304 0.058 0.487
0.304 0.058 0.487
0.304 0.058 0.487
0.304 0.058 0.487
0.304 0.058 0.487
0.304 0.058 0.487
0.304 0.058 0.487
0.304 0.058 0.487
0.304 0.058 0.487
0.304 0.058 0.487
0.304 0.059 0.487
0.304 0.059 0.487
0.304 0.059 0.487
0.304 0.059 0.487
0.304 0.059 0.487
0.304 0.059 0.487
0.304 0.059 0.487
0.304 0.059 0.487
0.304 0.059 0.487
0.304 0.059 0.487
0.304 0.060 0.487
0.304 0.060 0.487
0.304 0.060 0.487
0.304 0.060 0.487
0.304 0.060 0.487
0.304 0.060 0.487
0.304 0.060 0.487
0.304 0.060 0.487
0.304 0.060 0.487
0.304 0.060 0.487
0.304 0.061 0.487
0.304 0.061 0.487
0.304 0.061 0.487
0.304 0.061 0.487
0.304 0.061 0.487
0.304 0.061 0.487
0.304 0.061 0.487
0.304 0.061 0.487
0.304 0.061 0.487
0.304 0.061 0.487
0.304 0.062 0.487
0.304 0.062 0.487
0.304 0.062 0.487
0.304 0.062 0.487
0.304 0.062 0.487
0.304 0.062 0.487
0.304 0.062 0.487
0.304 0.062 0.487
0.304 0.062 0.487
0.304 0.062 0.487
0.304 0.063 0.487
0.304 0.063 0.487
0.304 0.063 0.487
0.304 0.063 0.487
0.304 0.063 0.487
0.304 0.063 0.487
0.304 0.063 0.487
0.304 0.063 0.487
0.304 0.063 0.487
0.304 0.063 0.487
0.304 0.063 0.487
0.304 0.064 0.487
0.304 0.064 0.487
0.304 0.064 0.487
0.304 0.064 0.487
0.304 0.064 0.487
0.304 0.064 0.487
0.304 0.064 0.487
0.304 0.064 0.487
0.304 0.064 0.487
0.304 0.064 0.487
0.304 0.065 0.487
0.304 0.065 0.487
0.304 0.065 0.487
0.304 0.065 0.487
0.304 0.065 0.487
0.304 0.065 0.487
0.304 0.065 0.487
0.304 0.065 0.487
0.304 0.065 0.487
0.304 0.065 0.487
0.304 0.066 0.487
0.304 0.066 0.487
0.304 0.066 0.487
0.304 0.066 0.487
0.304 0.066 0.487
0.304 0.066 0.487
0.304 0.066 0.487
0.304 0.066 0.487
0.304 0.066 0.487
0.304 0.066 0.487
0.304 0.067 0.487
0.304 0.067 0.487
0.304 0.067 0.487
0.304 0.067 0.487
0.304 0.067 0.487
0.304 0.067 0.487
0.304 0.067 0.487
0.304 0.067 0.487
0.304 0.067 0.487
0.304 0.067 0.487
0.304 0.068 0.487
0.304 0.068 0.487
0.304 0.068 0.487
0.304 0.068 0.487
0.304 0.068 0.487
0.304 0.068 0.487
0.304 0.068 0.487
0.304 0.068 0.487
0.304 0.068 0.487
0.304 0.068 0.487
0.304 0.069 0.487
0.304 0.069 0.487
0.304 0.069 0.487
0.304 0.069 0.487
0.304 0.069 0.487
0.304 0.069 0.487
0.304 0.069 0.487
0.304 0.069 0.487
0.304 0.069 0.487
0.304 0.069 0.487
0.304 0.070 0.487
0.304 0.070 0.487
0.304 0.070 0.487
0.303 0.070 0.487
0.303 0.070 0.487
0.303 0.070 0.487
0.303 0.070 0.487
0.303 0.070 0.487
0.303 0.070 0.487
0.303 0.070 0.487
0.303 0.071 0.487
0.303 0.071 0.487
0.303 0.071 0.487
0.303 0.071 0.487
0.303 0.071 0.487
0.303 0.071 0.487
0.303 0.071 0.487
0.303 0.071 0.487
0.303 0.071 0.487
0.303 0.071 0.487
0.303 0.071 0.487
0.303 0.072 0.487
0.303 0.072 0.487
0.303 0.072 0.487
0.303 0.072 0.487
0.303 0.072 0.487
0.303 0.072 0.487
0.303 0.072 0.487
0.303 0.072 0.487
0.303 0.072 0.487
0.303 0.072 0.487
0.303 0.073 0.487
0.303 0.073 0.487
0.303 0.073 0.487
0.303 0.073 0.487
0.303 0.073 0.487
0.303 0.073 0.487
0.303 0.073 0.487
0.303 0.073 0.487
0.303 0.073 0.487
0.303 0.073 0.487
0.303 0.074 0.487
0.303 0.074 0.487
0.303 0.074 0.487
0.303 0.074 0.487
0.303 0.074 0.487
0.303 0.074 0.487
0.303 0.074 0.487
0.303 0.074 0.487
0.303 0.074 0.487
0.303 0.074 0.487
0.303 0.075 0.487
0.303 0.075 0.487
0.303 0.075 0.487
0.303 0.075 0.487
0.303 0.075 0.487
0.303 0.075 0.487
0.303 0.075 0.487
0.303 0.075 0.487
0.303 0.075 0.487
0.303 0.075 0.487
0.303 0.076 0.487
0.303 0.076 0.487
0.303 0.076 0.487
0.303 0.076 0.487
0.303 0.076 0.487
0.303 0.076 0.487
0.303 0.076 0.487
0.303 0.076 0.487
0.303 0.076 0.487
0.303 0.076 0.487
0.303 0.077 0.487
0.303 0.077 0.487
0.303 0.077 0.487
0.303 0.077 0.487
0.303 0.077 0.487
0.303 0.077 0.487
0.303 0.077 0.487
0.303 0.077 0.487
0.303 0.077 0.487
0.303 0.077 0.487
0.303 0.078 0.487
0.303 0.078 0.487
0.303 0.078 0.487
0.303 0.078 0.487
0.303 0.078 0.487
0.303 0.078 0.487
0.303 0.078 0.487
0.303 0.078 0.487
0.303 0.078 0.487
0.303 0.078 0.487
0.303 0.079 0.487
0.303 0.079 0.487
0.303 0.079 0.487
0.303 0.079 0.487
0.303 0.079 0.487
0.303 0.079 0.487
0.303 0.079 0.487
0.303 0.079 0.487
0.303 0.079 0.487
0.303 0.079 0.487
0.303 0.079 0.487
0.303 0.080 0.487
0.303 0.080 0.487
0.303 0.080 0.487
0.303 0.080 0.487
0.303 0.080 0.487
0.303 0.080 0.487
0.303 0.081 0.487
0.303 0.081 0.487
0.303 0.081 0.487
0.303 0.081 0.487
0.303 0.082 0.487
0.303 0.082 0.487
0.303 0.082 0.487
0.303 0.082 0.487
0.303 0.082 0.487
0.303 0.082 0.487
0.303 0.082 0.487
0.303 0.082 0.487
0.303 0.083 0.487
0.303 0.083 0.487
0.303 0.083 0.487
0.303 0.083 0.487
0.303 0.083 0.487
0.303 0.083 0.487
0.303 0.083 0.487
0.303 0.083 0.487
0.303 0.084 0.487
0.303 0.084 0.487
0.303 0.084 0.487
0.303 0.084 0.487
0.303 0.084 0.487
0.303 0.084 0.487
0.303 0.084 0.487
0.303 0.084 0.487
0.303 0.085 0.487
0.303 0.085 0.487
0.303 0.085 0.487
0.303 0.085 0.487
0.303 0.085 0.487
0.303 0.085 0.487
0.303 0.085 0.487
0.303 0.085 0.487
0.303 0.086 0.487
0.303 0.086 0.487
0.303 0.086 0.487
0.303 0.086 0.487
0.303 0.086 0.487
0.303 0.086 0.487
0.303 0.086 0.487
0.303 0.086 0.487
0.303 0.087 0.487
0.303 0.087 0.487
0.303 0.087 0.487
0.303 0.087 0.487
0.303 0.087 0.486
0.303 0.087 0.486
0.303 0.087 0.486
0.303 0.087 0.486
0.303 0.088 0.486
0.303 0.088 0.486
0.303 0.088 0.486
0.303 0.088 0.486
0.303 0.088 0.486
0.303 0.088 0.486
0.303 0.088 0.486
0.303 0.088 0.486
0.303 0.089 0.486
0.303 0.089 0.486
0.303 0.089 0.486
0.303 0.089 0.486
0.303 0.089 0.486
0.303 0.089 0.486
0.303 0.089 0.486
0.303 0.089 0.486
0.303 0.090 0.486
0.303 0.090 0.486
0.303 0.090 0.486
0.303 0.090 0.486
0.303 0.090 0.486
0.303 0.090 0.486
0.303 0.090 0.486
0.303 0.090 0.486
0.303 0.091 0.486
0.303 0.091 0.486
0.303 0.091 0.486
0.303 0.091 0.486
0.303 0.091 0.486
0.303 0.091 0.486
0.303 0.091 0.486
0.303 0.091 0.486
0.303 0.091 0.486
0.303 0.092 0.486
0.303 0.092 0.486
0.303 0.092 0.486
0.303 0.092 0.486
0.303 0.092 0.486
0.303 0.092 0.486
0.303 0.092 0.486
0.303 0.092 0.486
0.303 0.093 0.486
0.303 0.093 0.486
0.303 0.093 0.486
0.303 0.093 0.486
0.303 0.093 0.486
0.303 0.093 0.486
0.303 0.093 0.486
0.303 0.093 0.486
0.303 0.094 0.486
0.303 0.094 0.486
0.303 0.094 0.486
0.303 0.094 0.486
0.303 0.094 0.486
0.303 0.094 0.486
0.303 0.094 0.486
0.303 0.094 0.486
0.303 0.095 0.486
0.303 0.095 0.486
0.303 0.095 0.486
0.303 0.095 0.486
0.303 0.095 0.486
0.303 0.095 0.486
0.303 0.095 0.486
0.303 0.095 0.486
0.303 0.096 0.486
0.303 0.096 0.486
0.303 0.096 0.486
0.303 0.096 0.486
0.303 0.096 0.486
0.303 0.096 0.486
0.303 0.096 0.486
0.303 0.096 0.486
0.303 0.097 0.486
0.303 0.097 0.486
0.303 0.097 0.486
0.303 0.097 0.486
0.303 0.097 0.486
0.303 0.097 0.486
0.303 0.097 0.486
0.303 0.097 0.486
0.303 0.098 0.486
0.303 0.098 0.486
0.303 0.098 0.486
0.303 0.098 0.486
0.303 0.098 0.486
0.303 0.098 0.486
0.303 0.098 0.486
0.303 0.098 0.486
0.303 0.099 0.486
0.303 0.099 0.486
0.303 0.099 0.486
0.303 0.099 0.486
0.303 0.099 0.486
0.303 0.099 0.486
0.303 0.099 0.486
0.303 0.099 0.486
0.303 0.100 0.486
0.303 0.100 0.486
0.303 0.100 0.486
0.303 0.100 0.486
0.303 0.100 0.486
0.303 0.100 0.486
0.303 0.100 0.486
0.303 0.100 0.486
0.303 0.101 0.486
0.303 0.101 0.486
0.303 0.101 0.486
0.303 0.101 0.486
0.303 0.101 0.486
0.303 0.101 0.486
0.303 0.101 0.486
0.303 0.101 0.486
0.303 0.102 0.486
0.303 0.102 0.486
0.303 0.102 0.486
0.303 0.102 0.486
0.303 0.102 0.486
0.303 0.102 0.486
0.303 0.102 0.486
0.303 0.102 0.486
0.303 0.102 0.486
0.303 0.103 0.486
0.303 0.103 0.486
0.303 0.103 0.486
0.303 0.103 0.486
0.303 0.103 0.486
0.303 0.103 0.486
0.303 0.103 0.486
0.303 0.103 0.486
0.303 0.104 0.486
0.303 0.104 0.486
0.303 0.104 0.486
0.303 0.104 0.486
0.303 0.104 0.486
0.303 0.104 0.486
0.303 0.104 0.486
0.303 0.104 0.486
0.303 0.105 0.486
0.303 0.105 0.486
0.303 0.105 0.486
0.303 0.105 0.486
0.303 0.105 0.486
0.303 0.105 0.486
0.303 0.105 0.486
0.303 0.105 0.486
0.303 0.106 0.486
0.303 0.106 0.486
0.303 0.106 0.486
0.303 0.106 0.486
0.303 0.106 0.486
0.303 0.106 0.486
0.303 0.106 0.486
0.303 0.106 0.486
0.303 0.107 0.486
0.303 0.107 0.486
0.303 0.107 0.486
0.303 0.107 0.486
0.303 0.107 0.486
0.303 0.107 0.486
0.303 0.107 0.486
0.303 0.107 0.486
0.303 0.108 0.486
0.303 0.108 0.486
0.303 0.108 0.486
0.303 0.108 0.486
0.303 0.108 0.486
0.303 0.108 0.486
0.303 0.108 0.486
0.303 0.108 0.486
0.303 0.109 0.486
0.303 0.109 0.486
0.303 0.109 0.486
0.303 0.109 0.486
0.303 0.109 0.486
0.303 0.109 0.486
0.303 0.109 0.486
0.303 0.109 0.486
0.303 0.110 0.486
0.303 0.110 0.486
0.303 0.110 0.486
0.303 0.110 0.486
0.303 0.110 0.486
0.303 0.110 0.486
0.303 0.110 0.486
0.303 0.110 0.486
0.303 0.111 0.486
0.303 0.111 0.486
0.303 0.111 0.486
0.303 0.111 0.486
0.303 0.111 0.486
0.303 0.111 0.486
0.303 0.111 0.486
0.303 0.111 0.486
0.303 0.112 0.486
0.303 0.112 0.486
0.303 0.112 0.486
0.303 0.112 0.486
0.303 0.112 0.486
0.303 0.112 0.486
0.303 0.112 0.486
0.303 0.112 0.486
0.303 0.113 0.486
0.303 0.113 0.486
0.303 0.113 0.486
0.303 0.113 0.486
0.303 0.113 0.486
0.303 0.113 0.486
0.303 0.113 0.486
0.303 0.113 0.486
0.303 0.113 0.486
0.303 0.114 0.486
0.303 0.114 0.486
0.303 0.114 0.486
0.303 0.114 0.486
0.303 0.114 0.486
0.303 0.114 0.486
0.303 0.114 0.486
0.303 0.114 0.486
0.303 0.115 0.486
0.303 0.115 0.486
0.303 0.115 0.486
0.303 0.115 0.486
0.303 0.115 0.486
0.303 0.115 0.486
0.303 0.115 0.486
0.303 0.115 0.486
0.303 0.116 0.486
0.303 0.116 0.486
0.303 0.116 0.486
0.303 0.116 0.486
0.303 0.116 0.486
0.303 0.116 0.486
0.303 0.116 0.486
0.303 0.116 0.486
0.303 0.117 0.486
0.303 0.117 0.486
0.303 0.117 0.486
0.303 0.117 0.486
0.303 0.117 0.486
0.303 0.117 0.486
0.303 0.117 0.486
0.303 0.117 0.486
0.303 0.118 0.486
0.303 0.118 0.486
0.303 0.118 0.486
0.303 0.118 0.486
0.303 0.118 0.486
0.303 0.118 0.486
0.303 0.118 0.486
0.303 0.118 0.486
0.303 0.119 0.486
0.303 0.119 0.486
0.303 0.119 0.486
0.303 0.119 0.486
0.303 0.119 0.486
0.303 0.119 0.486
0.303 0.119 0.486
0.303 0.119 0.486
0.303 0.120 0.486
0.303 0.120 0.486
0.303 0.120 0.486
0.303 0.120 0.486
0.303 0.120 0.486
0.303 0.120 0.486
0.303 0.120 0.486
0.303 0.120 0.486
0.303 0.121 0.486
0.303 0.121 0.486
0.303 0.121 0.486
0.303 0.121 0.486
0.303 0.121 0.486
0.303 0.121 0.486
0.303 0.121 0.486
0.303 0.121 0.486
0.303 0.122 0.486
0.303 0.122 0.486
0.303 0.122 0.486
0.303 0.122 0.486
0.303 0.122 0.486
0.303 0.122 0.486
0.303 0.122 0.486
0.303 0.122 0.486
0.303 0.123 0.486
0.303 0.123 0.486
0.303 0.123 0.486
0.303 0.123 0.486
0.303 0.123 0.486
0.303 0.123 0.486
0.303 0.123 0.486
0.303 0.123 0.486
0.303 0.124 0.486
0.303 0.124 0.486
0.303 0.124 0.486
0.303 0.124 0.486
0.303 0.124 0.486
0.303 0.124 0.486
0.303 0.124 0.486
0.303 0.124 0.486
0.303 0.125 0.486
0.303 0.125 0.486
0.303 0.125 0.486
0.303 0.125 0.486
0.303 0.125 0.486
0.303 0.125 0.486
0.303 0.125 0.486
0.303 0.125 0.486
0.303 0.125 0.486
0.303 0.126 0.486
0.303 0.126 0.486
0.303 0.126 0.486
0.303 0.126 0.486
0.303 0.126 0.486
0.303 0.126 0.486
0.303 0.126 0.486
0.303 0.126 0.486
0.303 0.127 0.486
0.303 0.127 0.486
0.303 0.127 0.486
0.303 0.127 0.486
0.303 0.127 0.486
0.303 0.127 0.486
0.303 0.127 0.486
0.303 0.127 0.486
0.303 0.128 0.486
0.303 0.128 0.486
0.303 0.128 0.486
0.302 0.128 0.486
0.302 0.128 0.486
0.302 0.128 0.486
0.302 0.128 0.486
0.302 0.128 0.486
0.302 0.129 0.486
0.302 0.129 0.486
0.302 0.129 0.486
0.302 0.129 0.486
0.302 0.129 0.486
0.302 0.129 0.486
0.302 0.129 0.486
0.302 0.129 0.486
0.302 0.130 0.486
0.302 0.130 0.486
0.302 0.130 0.486
0.302 0.130 0.486
0.302 0.130 0.486
0.302 0.130 0.486
0.302 0.130 0.486
0.302 0.130 0.486
0.302 0.131 0.486
0.302 0.131 0.486
0.302 0.131 0.486
0.302 0.131 0.486
0.302 0.131 0.486
0.302 0.131 0.486
0.302 0.131 0.486
0.302 0.131 0.486
0.302 0.132 0.486
0.302 0.132 0.486
0.302 0.132 0.486
0.302 0.132 0.486
0.302 0.132 0.486
0.302 0.132 0.486
0.302 0.132 0.486
0.302 0.132 0.486
0.302 0.133 0.486
0.302 0.133 0.486
0.302 0.133 0.486
0.302 0.133 0.486
0.302 0.133 0.486
0.302 0.133 0.486
0.302 0.133 0.486
0.302 0.133 0.486
0.302 0.134 0.486
0.302 0.134 0.486
0.302 0.134 0.486
0.302 0.134 0.486
0.302 0.134 0.486
0.302 0.134 0.486
0.302 0.134 0.486
0.302 0.134 0.486
0.302 0.135 0.486
0.302 0.135 0.486
0.302 0.135 0.486
0.302 0.135 0.486
0.302 0.135 0.486
0.302 0.135 0.486
0.302 0.135 0.486
0.302 0.135 0.486
0.302 0.136 0.486
0.302 0.136 0.486
0.302 0.136 0.486
0.302 0.136 0.486
0.302 0.136 0.486
0.302 0.136 0.486
0.302 0.136 0.486
0.302 0.136 0.486
0.302 0.136 0.486
0.302 0.137 0.486
0.302 0.137 0.486
0.302 0.137 0.486
0.302 0.137 0.486
0.302 0.137 0.486
0.302 0.137 0.486
0.302 0.137 0.486
0.302 0.137 0.486
0.302 0.138 0.486
0.302 0.138 0.486
0.302 0.138 0.486
0.302 0.138 0.485
0.302 0.138 0.485
0.302 0.138 0.485
0.302 0.138 0.485
0.302 0.138 0.485
0.302 0.139 0.485
0.302 0.139 0.485
0.302 0.139 0.485
0.302 0.139 0.485
0.302 0.139 0.485
0.302 0.139 0.485
0.302 0.139 0.485
0.302 0.139 0.485
0.302 0.140 0.485
0.302 0.140 0.485
0.302 0.140 0.485
0.302 0.140 0.485
0.302 0.140 0.485
0.302 0.140 0.485
0.302 0.140 0.485
0.302 0.140 0.485
0.302 0.141 0.485
0.302 0.141 0.485
0.302 0.141 0.485
0.302 0.141 0.485
0.302 0.141 0.485
0.302 0.141 0.485
0.302 0.141 0.485
0.302 0.141 0.485
0.302 0.142 0.485
0.302 0.142 0.485
0.302 0.142 0.485
0.302 0.142 0.485
0.302 0.142 0.485
0.302 0.142 0.485
0.302 0.142 0.485
0.302 0.142 0.485
0.302 0.143 0.485
0.302 0.143 0.485
0.302 0.143 0.485
0.302 0.143 0.485
0.302 0.143 0.485
0.302 0.143 0.485
0.302 0.143 0.485
0.302 0.143 0.485
0.302 0.144 0.485
0.302 0.144 0.485
0.302 0.144 0.485
0.302 0.144 0.485
0.302 0.144 0.485
0.302 0.144 0.485
0.302 0.144 0.485
0.302 0.144 0.485
0.302 0.145 0.485
0.302 0.145 0.485
0.302 0.145 0.485
0.302 0.145 0.485
0.302 0.145 0.485
0.302 0.145 0.485
0.302 0.145 0.485
0.302 0.145 0.485
0.302 0.146 0.485
0.302 0.146 0.485
0.302 0.146 0.485
0.302 0.146 0.485
0.302 0.146 0.485
0.302 0.146 0.485
0.302 0.146 0.485
0.302 0.146 0.485
0.302 0.147 0.485
0.302 0.147 0.485
0.302 0.147 0.485
0.302 0.147 0.485
0.302 0.147 0.485
0.302 0.147 0.485
0.302 0.147 0.485
0.302 0.147 0.485
0.302 0.147 0.485
0.302 0.148 0.485
0.302 0.148 0.485
0.302 0.148 0.485
0.302 0.148 0.485
0.302 0.148 0.485
0.302 0.148 0.485
0.302 0.148 0.485
0.302 0.148 0.485
0.302 0.149 0.485
0.302 0.149 0.485
0.302 0.149 0.485
0.302 0.149 0.485
0.302 0.149 0.485
0.302 0.149 0.485
0.302 0.149 0.485
0.302 0.149 0.485
0.302 0.150 0.485
0.302 0.150 0.485
0.302 0.150 0.485
0.302 0.150 0.485
0.302 0.150 0.485
0.302 0.150 0.485
0.302 0.150 0.485
0.302 0.150 0.485
0.302 0.151 0.485
0.302 0.151 0.485
0.302 0.151 0.485
0.302 0.151 0.485
0.302 0.151 0.485
0.302 0.151 0.485
0.302 0.152 0.485
0.302 0.152 0.485
0.302 0.152 0.485
0.302 0.153 0.485
0.302 0.153 0.485
0.302 0.153 0.485
0.302 0.153 0.485
0.302 0.153 0.485
0.302 0.153 0.485
0.302 0.154 0.485
0.302 0.154 0.485
0.302 0.154 0.485
0.302 0.154 0.485
0.302 0.154 0.485
0.302 0.154 0.485
0.302 0.154 0.485
0.302 0.154 0.485
0.302 0.155 0.485
0.302 0.155 0.485
0.302 0.155 0.485
0.302 0.155 0.485
0.302 0.155 0.485
0.302 0.155 0.485
0.302 0.155 0.485
0.302 0.155 0.485
0.302 0.155 0.485
0.302 0.156 0.485
0.302 0.156 0.485
0.302 0.156 0.485
0.302 0.156 0.485
0.302 0.156 0.485
0.302 0.156 0.485
0.302 0.156 0.485
0.302 0.156 0.485
0.302 0.157 0.485
0.302 0.157 0.485
0.302 0.157 0.485
0.302 0.157 0.485
0.302 0.157 0.485
0.302 0.157 0.485
0.302 0.157 0.485
0.302 0.157 0.485
0.302 0.158 0.485
0.302 0.158 0.485
0.302 0.158 0.485
0.302 0.158 0.485
0.302 0.158 0.485
0.302 0.158 0.485
0.302 0.158 0.485
0.302 0.158 0.485
0.302 0.158 0.485
0.302 0.159 0.485
0.302 0.159 0.485
0.302 0.159 0.485
0.302 0.159 0.485
0.302 0.159 0.485
0.302 0.159 0.485
0.302 0.159 0.485
0.302 0.159 0.485
0.302 0.160 0.485
0.302 0.160 0.485
0.302 0.160 0.485
0.302 0.160 0.485
0.302 0.160 0.485
0.302 0.160 0.485
0.302 0.160 0.485
0.302 0.160 0.485
0.302 0.161 0.485
0.302 0.161 0.485
0.302 0.161 0.485
0.302 0.161 0.485
0.302 0.161 0.485
0.302 0.161 0.485
0.302 0.161 0.485
0.302 0.161 0.485
0.302 0.161 0.485
0.302 0.162 0.485
0.302 0.162 0.485
0.302 0.162 0.485
0.302 0.162 0.485
0.302 0.162 0.485
0.302 0.162 0.485
0.302 0.162 0.485
0.302 0.162 0.485
0.302 0.163 0.485
0.302 0.163 0.485
0.302 0.163 0.485
0.302 0.163 0.485
0.302 0.163 0.485
0.302 0.163 0.485
0.302 0.163 0.485
0.302 0.163 0.485
0.302 0.164 0.485
0.302 0.164 0.485
0.302 0.164 0.485
0.302 0.164 0.485
0.302 0.164 0.485
0.302 0.164 0.485
0.302 0.164 0.485
0.302 0.164 0.485
0.302 0.164 0.485
0.302 0.165 0.485
0.302 0.165 0.485
0.302 0.165 0.485
0.302 0.165 0.485
0.302 0.165 0.485
0.302 0.165 0.485
0.302 0.165 0.485
0.302 0.165 0.485
0.302 0.166 0.485
0.302 0.166 0.485
0.302 0.166 0.485
0.302 0.166 0.485
0.302 0.166 0.485
0.302 0.166 0.485
0.302 0.166 0.485
0.302 0.166 0.485
0.302 0.167 0.485
0.302 0.167 0.485
0.302 0.167 0.485
0.302 0.167 0.485
0.302 0.167 0.485
0.302 0.167 0.485
0.302 0.167 0.485
0.302 0.167 0.485
0.302 0.168 0.485
0.302 0.168 0.485
0.302 0.168 0.485
0.302 0.168 0.485
0.302 0.168 0.485
0.302 0.168 0.485
0.302 0.168 0.485
0.302 0.168 0.485
0.302 0.168 0.485
0.302 0.169 0.485
0.302 0.169 0.485
0.302 0.169 0.485
0.302 0.169 0.485
0.302 0.169 0.485
0.302 0.169 0.485
0.302 0.169 0.485
0.302 0.169 0.485
0.302 0.170 0.485
0.302 0.170 0.485
0.302 0.170 0.485
0.302 0.170 0.485
0.302 0.170 0.485
0.302 0.170 0.485
0.302 0.170 0.485
0.302 0.170 0.485
0.302 0.171 0.485
0.302 0.171 0.485
0.302 0.171 0.485
0.302 0.171 0.485
0.302 0.171 0.485
0.302 0.171 0.485
0.302 0.171 0.485
0.302 0.171 0.485
0.302 0.171 0.485
0.302 0.172 0.485
0.302 0.172 0.485
0.302 0.172 0.485
0.302 0.172 0.485
0.302 0.172 0.485
0.302 0.172 0.485
0.302 0.172 0.485
0.302 0.172 0.485
0.302 0.173 0.485
0.302 0.173 0.485
0.302 0.173 0.485
0.302 0.173 0.485
0.302 0.173 0.485
0.302 0.173 0.485
0.302 0.173 0.485
0.302 0.173 0.485
0.302 0.174 0.485
0.302 0.174 0.485
0.302 0.174 0.485
0.302 0.174 0.485
0.302 0.174 0.485
0.302 0.174 0.485
0.302 0.174 0.485
0.302 0.174 0.485
0.302 0.174 0.485
0.302 0.175 0.485
0.302 0.175 0.485
0.302 0.175 0.485
0.302 0.175 0.485
0.302 0.175 0.485
0.302 0.175 0.485
0.302 0.175 0.485
0.302 0.175 0.485
0.302 0.176 0.485
0.302 0.176 0.485
0.302 0.176 0.485
0.302 0.176 0.485
0.302 0.176 0.485
0.302 0.176 0.485
0.302 0.176 0.485
0.302 0.176 0.485
0.302 0.177 0.485
0.302 0.177 0.485
0.302 0.177 0.485
0.302 0.177 0.485
0.302 0.177 0.485
0.302 0.177 0.485
0.302 0.177 0.485
0.302 0.177 0.485
0.302 0.177 0.485
0.302 0.178 0.485
0.302 0.178 0.485
0.302 0.178 0.485
0.302 0.178 0.485
0.302 0.178 0.485
0.302 0.178 0.485
0.302 0.178 0.485
0.302 0.178 0.485
0.302 0.179 0.485
0.302 0.179 0.485
0.302 0.179 0.485
0.302 0.179 0.485
0.302 0.179 0.485
0.302 0.179 0.485
0.302 0.179 0.485
0.302 0.179 0.485
0.302 0.180 0.485
0.302 0.180 0.485
0.302 0.180 0.485
0.302 0.180 0.485
0.302 0.180 0.485
0.302 0.180 0.485
0.302 0.180 0.485
0.302 0.180 0.485
0.302 0.181 0.485
0.302 0.181 0.485
0.302 0.181 0.485
0.302 0.181 0.485
0.302 0.181 0.485
0.302 0.181 0.485
0.302 0.181 0.485
0.302 0.181 0.485
0.302 0.181 0.485
0.302 0.182 0.484
0.302 0.182 0.484
0.302 0.182 0.484
0.302 0.182 0.484
0.302 0.182 0.484
0.302 0.182 0.484
0.302 0.182 0.484
0.302 0.182 0.484
0.302 0.183 0.484
0.302 0.183 0.484
0.302 0.183 0.484
0.302 0.183 0.484
0.302 0.183 0.484
0.302 0.183 0.484
0.302 0.183 0.484
0.302 0.183 0.484
0.302 0.184 0.484
0.302 0.184 0.484
0.302 0.184 0.484
0.302 0.184 0.484
0.302 0.184 0.484
0.302 0.184 0.484
0.302 0.184 0.484
0.302 0.184 0.484
0.302 0.184 0.484
0.302 0.185 0.484
0.302 0.185 0.484
0.302 0.185 0.484
0.302 0.185 0.484
0.302 0.185 0.484
0.302 0.185 0.484
0.302 0.185 0.484
0.302 0.185 0.484
0.302 0.186 0.484
0.302 0.186 0.484
0.302 0.186 0.484
0.302 0.186 0.484
0.302 0.186 0.484
0.302 0.186 0.484
0.302 0.186 0.484
0.302 0.186 0.484
0.302 0.187 0.484
0.302 0.187 0.484
0.302 0.187 0.484
0.302 0.187 0.484
0.302 0.187 0.484
0.302 0.187 0.484
0.302 0.187 0.484
0.302 0.187 0.484
0.302 0.187 0.484
0.302 0.188 0.484
0.302 0.188 0.484
0.302 0.188 0.484
0.302 0.188 0.484
0.302 0.188 0.484
0.302 0.188 0.484
0.302 0.188 0.484
0.302 0.188 0.484
0.302 0.189 0.484
0.302 0.189 0.484
0.302 0.189 0.484
0.302 0.189 0.484
0.302 0.189 0.484
0.302 0.189 0.484
0.302 0.189 0.484
0.302 0.189 0.484
0.302 0.190 0.484
0.302 0.190 0.484
0.302 0.190 0.484
0.302 0.190 0.484
0.302 0.190 0.484
0.302 0.190 0.484
0.302 0.190 0.484
0.302 0.190 0.484
0.302 0.190 0.484
0.302 0.191 0.484
0.302 0.191 0.484
0.302 0.191 0.484
0.302 0.191 0.484
0.302 0.191 0.484
0.302 0.191 0.484
0.302 0.191 0.484
0.302 0.191 0.484
0.302 0.192 0.484
0.302 0.192 0.484
0.302 0.192 0.484
0.302 0.192 0.484
0.302 0.192 0.484
0.302 0.192 0.484
0.302 0.192 0.484
0.302 0.192 0.484
0.302 0.193 0.484
0.302 0.193 0.484
0.302 0.193 0.484
0.302 0.193 0.484
0.302 0.193 0.484
0.302 0.193 0.484
0.302 0.193 0.484
0.302 0.193 0.484
0.302 0.194 0.484
0.302 0.194 0.484
0.302 0.194 0.484
0.302 0.194 0.484
0.302 0.194 0.484
0.302 0.194 0.484
0.302 0.194 0.484
0.302 0.194 0.484
0.302 0.194 0.484
0.302 0.195 0.484
0.302 0.195 0.484
0.302 0.195 0.484
0.302 0.195 0.484
0.302 0.195 0.484
0.302 0.195 0.484
0.302 0.195 0.484
0.302 0.195 0.484
0.302 0.196 0.484
0.302 0.196 0.484
0.302 0.196 0.484
0.302 0.196 0.484
0.302 0.196 0.484
0.302 0.196 0.484
0.302 0.196 0.484
0.302 0.196 0.484
0.302 0.197 0.484
0.302 0.197 0.484
0.302 0.197 0.484
0.302 0.197 0.484
0.302 0.197 0.484
0.302 0.197 0.484
0.302 0.197 0.484
0.302 0.197 0.484
0.302 0.197 0.484
0.302 0.198 0.484
0.302 0.198 0.484
0.302 0.198 0.484
0.302 0.198 0.484
0.302 0.198 0.484
0.302 0.198 0.484
0.302 0.198 0.484
0.302 0.198 0.484
0.302 0.199 0.484
0.302 0.199 0.484
0.302 0.199 0.484
0.302 0.199 0.484
0.302 0.199 0.484
0.302 0.199 0.484
0.302 0.199 0.484
0.302 0.199 0.484
0.302 0.200 0.484
0.302 0.200 0.484
0.302 0.200 0.484
0.302 0.200 0.484
0.302 0.200 0.484
0.302 0.200 0.484
0.302 0.200 0.484
0.302 0.200 0.484
0.302 0.200 0.484
0.302 0.201 0.484
0.302 0.201 0.484
0.302 0.201 0.484
0.302 0.201 0.484
0.302 0.201 0.484
0.302 0.201 0.484
0.302 0.201 0.484
0.302 0.201 0.484
0.302 0.202 0.484
0.302 0.202 0.484
0.302 0.202 0.484
0.302 0.202 0.484
0.302 0.202 0.484
0.302 0.202 0.484
0.302 0.202 0.484
0.302 0.202 0.484
0.302 0.203 0.484
0.302 0.203 0.484
0.302 0.203 0.484
0.302 0.203 0.484
0.302 0.203 0.484
0.302 0.203 0.484
0.302 0.203 0.484
0.302 0.203 0.484
0.302 0.203 0.484
0.302 0.204 0.484
0.302 0.204 0.484
0.302 0.204 0.484
0.302 0.204 0.484
0.302 0.204 0.484
0.302 0.204 0.484
0.302 0.204 0.484
0.302 0.204 0.484
0.302 0.205 0.484
0.302 0.205 0.484
0.302 0.205 0.484
0.302 0.205 0.484
0.302 0.205 0.484
0.302 0.205 0.484
0.302 0.205 0.484
0.302 0.205 0.484
0.302 0.206 0.484
0.302 0.206 0.484
0.302 0.206 0.484
0.302 0.206 0.484
0.302 0.206 0.484
0.302 0.206 0.484
0.302 0.206 0.484
0.302 0.206 0.484
0.302 0.206 0.484
0.302 0.207 0.484
0.302 0.207 0.484
0.302 0.207 0.484
0.302 0.207 0.484
0.302 0.207 0.484
0.302 0.207 0.484
0.302 0.207 0.484
0.302 0.207 0.484
0.302 0.208 0.484
0.302 0.208 0.484
0.302 0.208 0.484
0.302 0.208 0.484
0.302 0.208 0.484
0.302 0.208 0.484
0.302 0.208 0.484
0.302 0.208 0.484
0.302 0.209 0.484
0.302 0.209 0.484
0.302 0.209 0.484
0.302 0.209 0.484
0.302 0.209 0.484
0.302 0.209 0.484
0.302 0.209 0.484
0.302 0.209 0.484
0.302 0.210 0.484
0.302 0.210 0.484
0.302 0.210 0.484
0.302 0.210 0.484
0.302 0.210 0.484
0.302 0.210 0.484
0.302 0.210 0.484
0.302 0.210 0.484
0.302 0.210 0.484
0.302 0.211 0.484
0.302 0.211 0.484
0.302 0.211 0.484
0.302 0.211 0.484
0.302 0.211 0.484
0.302 0.211 0.484
0.302 0.211 0.484
0.302 0.211 0.484
0.302 0.212 0.484
0.302 0.212 0.484
0.302 0.212 0.484
0.302 0.212 0.484
0.302 0.212 0.484
0.302 0.212 0.484
0.302 0.212 0.484
0.302 0.212 0.484
0.302 0.213 0.484
0.302 0.213 0.484
0.302 0.213 0.484
0.302 0.213 0.484
0.302 0.213 0.484
0.302 0.213 0.484
0.302 0.213 0.484
0.302 0.213 0.484
0.302 0.213 0.484
0.302 0.214 0.484
0.302 0.214 0.484
0.302 0.214 0.484
0.302 0.214 0.484
0.302 0.214 0.484
0.302 0.214 0.484
0.302 0.214 0.484
0.302 0.214 0.484
0.302 0.215 0.484
0.302 0.215 0.484
0.302 0.215 0.484
0.302 0.215 0.484
0.302 0.215 0.484
0.302 0.215 0.484
0.302 0.215 0.484
0.302 0.215 0.484
0.302 0.216 0.484
0.302 0.216 0.484
0.302 0.216 0.484
0.302 0.216 0.484
0.302 0.216 0.484
0.302 0.216 0.484
0.302 0.216 0.484
0.302 0.216 0.484
0.302 0.216 0.484
0.302 0.217 0.484
0.302 0.217 0.484
0.302 0.217 0.484
0.302 0.217 0.484
0.302 0.217 0.484
0.302 0.217 0.484
0.302 0.217 0.484
0.302 0.217 0.484
0.302 0.218 0.484
0.302 0.218 0.484
0.302 0.218 0.484
0.302 0.218 0.484
0.302 0.218 0.484
0.302 0.218 0.484
0.302 0.218 0.484
0.302 0.218 0.484
0.302 0.219 0.484
0.302 0.219 0.484
0.302 0.219 0.484
0.302 0.219 0.484
0.302 0.219 0.484
0.302 0.219 0.484
0.302 0.219 0.484
0.302 0.219 0.484
0.302 0.219 0.484
0.302 0.220 0.484
0.302 0.220 0.484
0.302 0.220 0.484
0.302 0.220 0.484
0.302 0.220 0.484
0.302 0.220 0.484
0.302 0.220 0.484
0.302 0.220 0.484
0.302 0.221 0.484
0.302 0.221 0.484
0.302 0.221 0.484
0.302 0.221 0.484
0.302 0.221 0.484
0.302 0.222 0.483
0.302 0.222 0.483
0.302 0.222 0.483
0.302 0.222 0.483
0.302 0.222 0.483
0.302 0.222 0.483
0.302 0.222 0.483
0.302 0.223 0.483
0.302 0.223 0.483
0.302 0.223 0.483
0.302 0.223 0.483
0.302 0.223 0.483
0.302 0.223 0.483
0.302 0.223 0.483
0.302 0.223 0.483
0.302 0.223 0.483
0.302 0.223 0.483
0.302 0.223 0.483
0.302 0.224 0.483
0.302 0.224 0.483
0.302 0.224 0.483
0.302 0.224 0.483
0.302 0.224 0.483
0.302 0.224 0.483
0.302 0.224 0.483
0.302 0.224 0.483
0.302 0.224 0.483
0.302 0.224 0.483
0.302 0.224 0.483
0.302 0.225 0.483
0.302 0.225 0.483
0.302 0.225 0.483
0.302 0.225 0.483
0.302 0.225 0.483
0.302 0.225 0.483
0.302 0.225 0.483
0.302 0.225 0.483
0.302 0.225 0.483
0.302 0.225 0.483
0.302 0.225 0.483
0.302 0.226 0.483
0.302 0.226 0.483
0.302 0.226 0.483
0.302 0.226 0.483
0.302 0.226 0.483
0.302 0.226 0.483
0.302 0.226 0.483
0.302 0.226 0.483
0.302 0.226 0.483
0.302 0.226 0.483
0.302 0.226 0.483
0.302 0.227 0.483
0.302 0.227 0.483
0.302 0.227 0.483
0.302 0.227 0.483
0.302 0.227 0.483
0.302 0.227 0.483
0.302 0.227 0.483
0.302 0.227 0.483
0.302 0.227 0.483
0.302 0.227 0.483
0.302 0.227 0.483
0.302 0.228 0.483
0.302 0.228 0.483
0.302 0.228 0.483
0.302 0.228 0.483
0.302 0.228 0.483
0.302 0.228 0.483
0.302 0.228 0.483
0.302 0.228 0.483
0.302 0.228 0.483
0.302 0.228 0.483
0.302 0.228 0.483
0.302 0.229 0.483
0.302 0.229 0.483
0.302 0.229 0.483
0.302 0.229 0.483
0.302 0.229 0.483
0.302 0.229 0.483
0.302 0.229 0.483
0.302 0.229 0.483
0.302 0.229 0.483
0.302 0.229 0.483
0.302 0.229 0.483
0.302 0.229 0.483
0.302 0.230 0.483
0.302 0.230 0.483
0.302 0.230 0.483
0.302 0.230 0.483
0.302 0.230 0.483
0.302 0.230 0.483
0.302 0.230 0.483
0.302 0.230 0.483
0.302 0.230 0.483
0.302 0.230 0.483
0.302 0.230 0.483
0.302 0.231 0.483
0.302 0.231 0.483
0.302 0.231 0.483
0.302 0.231 0.483
0.302 0.231 0.483
0.302 0.231 0.483
0.302 0.231 0.483
0.302 0.231 0.483
0.302 0.231 0.483
0.302 0.231 0.483
0.302 0.231 0.483
0.302 0.232 0.483
0.302 0.232 0.483
0.302 0.232 0.483
0.302 0.232 0.483
0.302 0.232 0.483
0.302 0.232 0.483
0.302 0.232 0.483
0.302 0.232 0.483
0.302 0.232 0.483
0.302 0.232 0.483
0.302 0.232 0.483
0.302 0.233 0.483
0.302 0.233 0.483
0.302 0.233 0.483
0.302 0.233 0.483
0.302 0.233 0.483
0.302 0.233 0.483
0.302 0.233 0.483
0.302 0.233 0.483
0.302 0.233 0.483
0.302 0.233 0.483
0.302 0.233 0.483
0.302 0.234 0.483
0.303 0.234 0.483
0.303 0.234 0.483
0.303 0.234 0.483
0.303 0.234 0.483
0.303 0.234 0.483
0.303 0.234 0.483
0.303 0.234 0.483
0.303 0.234 0.483
0.303 0.234 0.483
0.303 0.234 0.483
0.303 0.235 0.483
0.303 0.235 0.483
0.303 0.235 0.483
0.303 0.235 0.483
0.303 0.235 0.483
0.303 0.235 0.483
0.303 0.235 0.483
0.303 0.235 0.483
0.303 0.235 0.483
0.303 0.235 0.483
0.303 0.235 0.483
0.303 0.236 0.483
0.303 0.236 0.483
0.303 0.236 0.483
0.303 0.236 0.483
0.303 0.236 0.483
0.303 0.236 0.483
0.303 0.236 0.483
0.303 0.236 0.483
0.303 0.236 0.483
0.303 0.236 0.483
0.303 0.236 0.483
0.303 0.237 0.483
0.303 0.237 0.483
0.303 0.237 0.483
0.303 0.237 0.483
0.303 0.237 0.483
0.303 0.237 0.483
0.303 0.237 0.483
0.303 0.237 0.483
0.303 0.237 0.483
0.303 0.237 0.483
0.303 0.237 0.483
0.303 0.238 0.483
0.303 0.238 0.483
0.303 0.238 0.483
0.303 0.238 0.483
0.303 0.238 0.483
0.303 0.238 0.483
0.303 0.238 0.483
0.303 0.238 0.483
0.303 0.238 0.483
0.303 0.238 0.483
0.303 0.238 0.483
0.303 0.239 0.483
0.303 0.239 0.483
0.303 0.239 0.483
0.303 0.239 0.483
0.303 0.239 0.483
0.303 0.239 0.483
0.303 0.239 0.483
0.303 0.239 0.483
0.303 0.239 0.483
0.303 0.239 0.483
0.303 0.239 0.483
0.303 0.239 0.483
0.303 0.240 0.483
0.303 0.240 0.483
0.303 0.240 0.483
0.303 0.240 0.483
0.303 0.240 0.483
0.303 0.240 0.483
0.303 0.240 0.483
0.303 0.240 0.483
0.303 0.240 0.483
0.303 0.240 0.483
0.303 0.240 0.483
0.303 0.241 0.483
0.303 0.241 0.483
0.303 0.241 0.483
0.303 0.241 0.483
0.303 0.241 0.483
0.303 0.241 0.483
0.303 0.241 0.483
0.303 0.241 0.483
0.303 0.241 0.483
0.303 0.241 0.483
0.303 0.241 0.483
0.303 0.242 0.483
0.303 0.242 0.483
0.303 0.242 0.483
0.303 0.242 0.483
0.303 0.242 0.483
0.303 0.242 0.483
0.303 0.242 0.483
0.303 0.242 0.483
0.303 0.242 0.483
0.303 0.242 0.483
0.303 0.242 0.483
0.303 0.243 0.483
0.303 0.243 0.483
0.303 0.243 0.483
0.303 0.243 0.483
0.303 0.243 0.483
0.303 0.243 0.483
0.303 0.243 0.483
0.303 0.243 0.483
0.303 0.243 0.483
0.303 0.243 0.483
0.303 0.243 0.483
0.303 0.244 0.483
0.303 0.244 0.483
0.303 0.244 0.483
0.303 0.244 0.483
0.303 0.244 0.483
0.303 0.244 0.483
0.303 0.244 0.483
0.303 0.244 0.483
0.303 0.244 0.483
0.303 0.244 0.483
0.303 0.244 0.483
0.303 0.245 0.483
0.303 0.245 0.483
0.303 0.245 0.483
0.303 0.245 0.483
0.303 0.245 0.483
0.303 0.245 0.483
0.303 0.245 0.483
0.303 0.245 0.483
0.303 0.245 0.483
0.303 0.245 0.483
0.303 0.245 0.483
0.303 0.246 0.483
0.303 0.246 0.483
0.303 0.246 0.483
0.303 0.246 0.483
0.303 0.246 0.483
0.303 0.246 0.483
0.303 0.246 0.483
0.303 0.246 0.483
0.303 0.246 0.483
0.303 0.246 0.483
0.303 0.246 0.483
0.303 0.247 0.483
0.303 0.247 0.483
0.303 0.247 0.483
0.303 0.247 0.483
0.303 0.247 0.483
0.303 0.247 0.483
0.303 0.247 0.483
0.303 0.247 0.483
0.303 0.247 0.483
0.303 0.247 0.483
0.303 0.247 0.483
0.303 0.248 0.483
0.303 0.248 0.483
0.303 0.248 0.483
0.303 0.248 0.483
0.303 0.248 0.483
0.303 0.248 0.483
0.303 0.248 0.483
0.303 0.248 0.483
0.303 0.248 0.483
0.303 0.248 0.483
0.303 0.248 0.483
0.303 0.248 0.483
0.303 0.249 0.483
0.303 0.249 0.483
0.303 0.249 0.483
0.303 0.249 0.483
0.303 0.249 0.483
0.303 0.249 0.483
0.303 0.249 0.483
0.303 0.249 0.483
0.303 0.249 0.483
0.303 0.249 0.483
0.303 0.249 0.483
0.303 0.250 0.483
0.303 0.250 0.483
0.303 0.250 0.483
0.303 0.250 0.483
0.303 0.250 0.483
0.303 0.250 0.483
0.303 0.250 0.483
0.303 0.250 0.483
0.303 0.250 0.483
0.303 0.250 0.483
0.303 0.250 0.483
0.303 0.251 0.483
0.303 0.251 0.483
0.303 0.251 0.483
0.303 0.251 0.483
0.303 0.251 0.483
0.303 0.251 0.483
0.303 0.251 0.483
0.303 0.251 0.483
0.303 0.251 0.483
0.303 0.251 0.483
0.303 0.251 0.483
0.303 0.252 0.483
0.303 0.252 0.483
0.303 0.252 0.483
0.303 0.252 0.483
0.303 0.252 0.483
0.303 0.252 0.483
0.303 0.252 0.483
0.303 0.252 0.483
0.303 0.252 0.483
0.303 0.252 0.483
0.303 0.252 0.483
0.303 0.253 0.483
0.303 0.253 0.483
0.303 0.253 0.483
0.303 0.253 0.483
0.303 0.253 0.483
0.303 0.253 0.483
0.303 0.253 0.483
0.303 0.253 0.483
0.303 0.253 0.483
0.303 0.253 0.483
0.303 0.253 0.483
0.303 0.254 0.483
0.303 0.254 0.483
0.303 0.254 0.483
0.303 0.254 0.483
0.303 0.254 0.483
0.303 0.254 0.483
0.303 0.254 0.483
0.303 0.254 0.483
0.303 0.254 0.483
0.303 0.254 0.483
0.303 0.254 0.483
0.303 0.255 0.483
0.303 0.255 0.483
0.303 0.255 0.483
0.303 0.255 0.483
0.303 0.255 0.483
0.303 0.255 0.483
0.303 0.255 0.483
0.303 0.255 0.483
0.303 0.255 0.483
0.303 0.255 0.483
0.303 0.255 0.483
0.303 0.256 0.483
0.303 0.256 0.483
0.303 0.256 0.483
0.303 0.256 0.483
0.303 0.256 0.483
0.303 0.256 0.483
0.303 0.256 0.483
0.303 0.256 0.483
0.303 0.256 0.483
0.303 0.256 0.483
0.303 0.256 0.483
0.303 0.257 0.483
0.303 0.257 0.483
0.303 0.257 0.483
0.303 0.257 0.483
0.303 0.257 0.483
0.303 0.257 0.483
0.303 0.257 0.483
0.303 0.257 0.483
0.303 0.257 0.483
0.303 0.257 0.483
0.303 0.257 0.483
0.303 0.257 0.483
0.303 0.258 0.483
0.303 0.258 0.483
0.303 0.258 0.483
0.303 0.258 0.483
0.303 0.258 0.483
0.303 0.258 0.483
0.303 0.258 0.483
0.303 0.258 0.483
0.303 0.258 0.483
0.303 0.258 0.483
0.303 0.258 0.483
0.303 0.259 0.483
0.303 0.259 0.483
0.303 0.259 0.483
0.303 0.259 0.483
0.303 0.259 0.483
0.303 0.259 0.483
0.303 0.259 0.483
0.303 0.259 0.483
0.303 0.259 0.483
0.303 0.259 0.483
0.303 0.259 0.483
0.303 0.260 0.483
0.303 0.260 0.483
0.303 0.260 0.483
0.303 0.260 0.483
0.303 0.260 0.483
0.303 0.260 0.483
0.303 0.260 0.483
0.303 0.260 0.483
0.303 0.260 0.483
0.303 0.260 0.483
0.303 0.260 0.482
0.303 0.261 0.482
0.303 0.261 0.482
0.303 0.261 0.482
0.303 0.261 0.482
0.303 0.261 0.482
0.303 0.261 0.482
0.303 0.261 0.482
0.303 0.261 0.482
0.303 0.261 0.482
0.303 0.261 0.482
0.303 0.261 0.482
0.303 0.262 0.482
0.303 0.262 0.482
0.303 0.262 0.482
0.303 0.262 0.482
0.303 0.262 0.482
0.303 0.262 0.482
0.303 0.262 0.482
0.303 0.262 0.482
0.303 0.262 0.482
0.303 0.262 0.482
0.303 0.262 0.482
0.303 0.263 0.482
0.303 0.263 0.482
0.303 0.263 0.482
0.303 0.263 0.482
0.303 0.263 0.482
0.303 0.263 0.482
0.303 0.263 0.482
0.303 0.263 0.482
0.303 0.263 0.482
0.303 0.263 0.482
0.303 0.263 0.482
0.303 0.264 0.482
0.303 0.264 0.482
0.303 0.264 0.482
0.303 0.264 0.482
0.303 0.264 0.482
0.303 0.264 0.482
0.303 0.264 0.482
0.303 0.264 0.482
0.303 0.264 0.482
0.303 0.264 0.482
0.303 0.264 0.482
0.303 0.265 0.482
0.303 0.265 0.482
0.303 0.265 0.482
0.303 0.265 0.482
0.303 0.265 0.482
0.303 0.265 0.482
0.303 0.265 0.482
0.303 0.265 0.482
0.303 0.265 0.482
0.303 0.265 0.482
0.303 0.265 0.482
0.303 0.266 0.482
0.303 0.266 0.482
0.303 0.266 0.482
0.303 0.266 0.482
0.303 0.266 0.482
0.303 0.266 0.482
0.303 0.266 0.482
0.303 0.266 0.482
0.303 0.266 0.482
0.303 0.266 0.482
0.303 0.266 0.482
0.303 0.266 0.482
0.303 0.267 0.482
0.303 0.267 0.482
0.303 0.267 0.482
0.303 0.267 0.482
0.303 0.267 0.482
0.303 0.267 0.482
0.303 0.267 0.482
0.303 0.267 0.482
0.303 0.267 0.482
0.303 0.267 0.482
0.303 0.267 0.482
0.303 0.268 0.482
0.303 0.268 0.482
0.303 0.268 0.482
0.303 0.268 0.482
0.303 0.268 0.482
0.303 0.268 0.482
0.303 0.268 0.482
0.303 0.268 0.482
0.303 0.268 0.482
0.303 0.268 0.482
0.303 0.268 0.482
0.303 0.269 0.482
0.303 0.269 0.482
0.303 0.269 0.482
0.303 0.269 0.482
0.303 0.269 0.482
0.303 0.269 0.482
0.303 0.269 0.482
0.303 0.269 0.482
0.303 0.269 0.482
0.303 0.269 0.482
0.303 0.269 0.482
0.303 0.270 0.482
0.303 0.270 0.482
0.303 0.270 0.482
0.303 0.270 0.482
0.303 0.270 0.482
0.303 0.270 0.482
0.303 0.270 0.482
0.303 0.270 0.482
0.303 0.270 0.482
0.303 0.270 0.482
0.303 0.270 0.482
0.303 0.271 0.482
0.303 0.271 0.482
0.303 0.271 0.482
0.303 0.271 0.482
0.303 0.271 0.482
0.303 0.271 0.482
0.303 0.271 0.482
0.303 0.271 0.482
0.303 0.271 0.482
0.303 0.271 0.482
0.303 0.271 0.482
0.303 0.272 0.482
0.303 0.272 0.482
0.303 0.272 0.482
0.303 0.272 0.482
0.303 0.272 0.482
0.303 0.272 0.482
0.303 0.272 0.482
0.303 0.272 0.482
0.303 0.272 0.482
0.303 0.272 0.482
0.303 0.272 0.482
0.303 0.273 0.482
0.303 0.273 0.482
0.303 0.273 0.482
0.303 0.273 0.482
0.303 0.273 0.482
0.303 0.273 0.482
0.303 0.274 0.482
0.303 0.274 0.482
0.303 0.274 0.482
0.303 0.274 0.482
0.303 0.274 0.482
0.303 0.274 0.482
0.303 0.274 0.482
0.303 0.274 0.482
0.303 0.274 0.482
0.303 0.274 0.482
0.303 0.274 0.482
0.303 0.274 0.482
0.303 0.275 0.482
0.303 0.275 0.482
0.303 0.275 0.482
0.303 0.275 0.482
0.303 0.275 0.482
0.303 0.275 0.482
0.303 0.275 0.482
0.303 0.275 0.482
0.303 0.275 0.482
0.303 0.275 0.482
0.303 0.275 0.482
0.303 0.275 0.482
0.303 0.275 0.482
0.303 0.275 0.482
0.303 0.275 0.482
0.303 0.275 0.482
0.303 0.275 0.482
0.303 0.275 0.482
0.303 0.275 0.482
0.303 0.275 0.482
0.303 0.275 0.482
0.303 0.275 0.482
0.303 0.276 0.482
0.303 0.276 0.482
0.303 0.276 0.482
0.303 0.276 0.482
0.303 0.276 0.482
0.303 0.276 0.482
0.303 0.276 0.482
0.303 0.276 0.482
0.303 0.276 0.482
0.303 0.276 0.482
0.303 0.276 0.482
0.303 0.276 0.482
0.303 0.276 0.482
0.303 0.276 0.482
0.303 0.276 0.482
0.303 0.276 0.482
0.303 0.276 0.482
0.303 0.276 0.482
0.303 0.276 0.482
0.303 0.276 0.482
0.303 0.276 0.482
0.303 0.277 0.482
0.303 0.277 0.482
0.303 0.277 0.482
0.303 0.277 0.482
0.303 0.277 0.482
0.303 0.277 0.482
0.303 0.277 0.482
0.303 0.277 0.482
0.304 0.277 0.482
0.304 0.277 0.482
0.304 0.277 0.482
0.304 0.277 0.482
0.304 0.277 0.482
0.304 0.277 0.482
0.304 0.277 0.482
0.304 0.277 0.482
0.304 0.277 0.482
0.304 0.277 0.482
0.304 0.277 0.482
0.304 0.277 0.482
0.304 0.277 0.482
0.304 0.277 0.482
0.304 0.278 0.482
0.304 0.278 0.482
0.304 0.278 0.482
0.304 0.278 0.482
0.304 0.278 0.482
0.304 0.278 0.482
0.304 0.278 0.482
0.304 0.278 0.482
0.304 0.278 0.482
0.304 0.278 0.482
0.304 0.278 0.482
0.304 0.278 0.482
0.304 0.278 0.482
0.304 0.278 0.482
0.304 0.278 0.482
0.304 0.278 0.482
0.304 0.278 0.482
0.304 0.278 0.482
0.304 0.278 0.482
0.304 0.278 0.482
0.304 0.278 0.482
0.304 0.279 0.482
0.304 0.279 0.482
0.304 0.279 0.482
0.304 0.279 0.482
0.304 0.279 0.482
0.304 0.279 0.482
0.304 0.279 0.482
0.304 0.279 0.482
0.304 0.279 0.482
0.304 0.279 0.482
0.304 0.279 0.482
0.304 0.279 0.482
0.304 0.279 0.482
0.304 0.279 0.482
0.304 0.279 0.482
0.304 0.279 0.482
0.304 0.279 0.482
0.304 0.279 0.482
0.304 0.279 0.482
0.304 0.279 0.482
0.304 0.279 0.482
0.304 0.279 0.482
0.304 0.280 0.482
0.304 0.280 0.482
0.304 0.280 0.482
0.304 0.280 0.482
0.304 0.280 0.482
0.304 0.280 0.482
0.304 0.280 0.482
0.304 0.280 0.482
0.304 0.280 0.482
0.304 0.280 0.482
0.304 0.280 0.482
0.304 0.280 0.482
0.304 0.280 0.482
0.304 0.280 0.482
0.304 0.280 0.482
0.304 0.280 0.482
0.304 0.280 0.482
0.304 0.280 0.482
0.304 0.280 0.482
0.304 0.280 0.482
0.304 0.280 0.482
0.304 0.281 0.482
0.304 0.281 0.482
0.304 0.281 0.482
0.304 0.281 0.482
0.304 0.281 0.482
0.304 0.281 0.482
0.304 0.281 0.482
0.304 0.281 0.482
0.304 0.281 0.482
0.304 0.281 0.482
0.304 0.281 0.482
0.304 0.281 0.482
0.304 0.281 0.482
0.304 0.281 0.482
0.304 0.281 0.482
0.304 0.281 0.482
0.304 0.281 0.482
0.304 0.281 0.482
0.304 0.281 0.482
0.304 0.281 0.482
0.304 0.281 0.482
0.304 0.281 0.482
0.304 0.282 0.482
0.304 0.282 0.482
0.304 0.282 0.482
0.304 0.282 0.482
0.304 0.282 0.482
0.304 0.282 0.482
0.304 0.282 0.482
0.304 0.282 0.482
0.304 0.282 0.482
0.304 0.282 0.482
0.304 0.282 0.482
0.304 0.282 0.482
0.304 0.282 0.482
0.304 0.282 0.482
0.304 0.282 0.482
0.304 0.282 0.482
0.304 0.282 0.482
0.304 0.282 0.482
0.304 0.282 0.482
0.304 0.282 0.482
0.304 0.282 0.482
0.304 0.283 0.482
0.304 0.283 0.482
0.304 0.283 0.482
0.304 0.283 0.482
0.304 0.283 0.482
0.304 0.283 0.482
0.304 0.283 0.482
0.304 0.283 0.482
0.304 0.283 0.482
0.304 0.283 0.482
0.304 0.283 0.482
0.304 0.283 0.482
0.304 0.283 0.482
0.304 0.283 0.482
0.304 0.283 0.482
0.304 0.283 0.482
0.304 0.283 0.482
0.304 0.283 0.482
0.304 0.283 0.482
0.304 0.283 0.482
0.304 0.283 0.482
0.304 0.283 0.482
0.304 0.284 0.482
0.304 0.284 0.482
0.304 0.284 0.482
0.304 0.284 0.482
0.304 0.284 0.482
0.304 0.284 0.482
0.304 0.284 0.482
0.304 0.284 0.482
0.304 0.284 0.482
0.304 0.284 0.482
0.304 0.284 0.482
0.304 0.284 0.482
0.304 0.284 0.482
0.304 0.284 0.482
0.304 0.284 0.482
0.304 0.284 0.482
0.304 0.284 0.482
0.304 0.284 0.482
0.304 0.284 0.482
0.304 0.284 0.482
0.304 0.284 0.482
0.304 0.285 0.482
0.304 0.285 0.482
0.304 0.285 0.482
0.304 0.285 0.482
0.304 0.285 0.482
0.304 0.285 0.482
0.304 0.285 0.482
0.304 0.285 0.482
0.304 0.285 0.482
0.304 0.285 0.482
0.304 0.285 0.482
0.304 0.285 0.482
0.304 0.285 0.482
0.304 0.285 0.482
0.304 0.285 0.482
0.304 0.285 0.482
0.304 0.285 0.482
0.304 0.285 0.482
0.304 0.285 0.482
0.304 0.285 0.482
0.304 0.285 0.482
0.304 0.285 0.482
0.304 0.286 0.482
0.304 0.286 0.482
0.304 0.286 0.482
0.304 0.286 0.482
0.304 0.286 0.482
0.304 0.286 0.482
0.304 0.286 0.482
0.304 0.286 0.482
0.304 0.286 0.482
0.304 0.286 0.482
0.304 0.286 0.482
0.304 0.286 0.482
0.304 0.286 0.482
0.304 0.286 0.482
0.304 0.286 0.482
0.304 0.286 0.482
0.304 0.286 0.482
0.304 0.286 0.482
0.304 0.286 0.482
0.304 0.286 0.482
0.304 0.286 0.482
0.304 0.287 0.482
0.304 0.287 0.482
0.304 0.287 0.482
0.304 0.287 0.482
0.304 0.287 0.482
0.304 0.287 0.482
0.304 0.287 0.482
0.304 0.287 0.482
0.304 0.287 0.482
0.304 0.287 0.482
0.304 0.287 0.482
0.304 0.287 0.482
0.304 0.287 0.482
0.304 0.287 0.482
0.304 0.287 0.482
0.304 0.287 0.482
0.304 0.287 0.482
0.304 0.287 0.482
0.304 0.287 0.482
0.304 0.287 0.482
0.304 0.287 0.482
0.304 0.287 0.482
0.304 0.288 0.482
0.304 0.288 0.482
0.304 0.288 0.482
0.304 0.288 0.482
0.304 0.288 0.482
0.304 0.288 0.482
0.304 0.288 0.482
0.304 0.288 0.482
0.304 0.288 0.482
0.304 0.288 0.482
0.304 0.288 0.482
0.304 0.288 0.482
0.304 0.288 0.482
0.304 0.288 0.482
0.304 0.288 0.482
0.304 0.288 0.482
0.304 0.288 0.482
0.304 0.288 0.482
0.304 0.288 0.482
0.304 0.288 0.482
0.304 0.288 0.482
0.304 0.289 0.482
0.304 0.289 0.482
0.304 0.289 0.482
0.304 0.289 0.482
0.304 0.289 0.482
0.304 0.289 0.482
0.304 0.289 0.482
0.304 0.289 0.482
0.304 0.289 0.482
0.304 0.289 0.482
0.304 0.289 0.482
0.304 0.289 0.482
0.304 0.289 0.482
0.304 0.289 0.482
0.304 0.289 0.482
0.304 0.289 0.482
0.304 0.289 0.482
0.304 0.289 0.482
0.304 0.289 0.482
0.304 0.289 0.482
0.304 0.289 0.482
0.304 0.289 0.482
0.304 0.290 0.482
0.304 0.290 0.482
0.304 0.290 0.482
0.304 0.290 0.482
0.304 0.290 0.482
0.304 0.290 0.482
0.304 0.290 0.482
0.304 0.290 0.482
0.304 0.290 0.482
0.304 0.290 0.482
0.304 0.290 0.482
0.304 0.290 0.482
0.304 0.290 0.482
0.304 0.290 0.482
0.304 0.290 0.482
0.304 0.290 0.482
0.304 0.290 0.482
0.304 0.290 0.482
0.304 0.290 0.482
0.304 0.290 0.482
0.304 0.290 0.482
0.304 0.291 0.482
0.304 0.291 0.482
0.304 0.291 0.482
0.304 0.291 0.482
0.304 0.291 0.482
0.304 0.291 0.482
0.304 0.291 0.482
0.304 0.291 0.482
0.304 0.291 0.482
0.304 0.291 0.482
0.304 0.291 0.482
0.304 0.291 0.482
0.304 0.291 0.482
0.304 0.291 0.482
0.304 0.291 0.482
0.304 0.291 0.482
0.304 0.291 0.482
0.304 0.291 0.482
0.304 0.291 0.482
0.304 0.291 0.482
0.304 0.291 0.482
0.304 0.291 0.482
0.304 0.292 0.482
0.304 0.292 0.482
0.304 0.292 0.482
0.304 0.292 0.482
0.304 0.292 0.482
0.304 0.292 0.482
0.304 0.292 0.482
0.304 0.292 0.482
0.304 0.292 0.482
0.304 0.292 0.482
0.304 0.292 0.482
0.304 0.292 0.482
0.304 0.292 0.482
0.304 0.292 0.482
0.304 0.292 0.482
0.304 0.292 0.482
0.304 0.292 0.482
0.304 0.292 0.482
0.304 0.292 0.482
0.304 0.292 0.482
0.304 0.292 0.482
0.304 0.293 0.482
0.304 0.293 0.482
0.304 0.293 0.482
0.304 0.293 0.482
0.304 0.293 0.482
0.304 0.293 0.482
0.304 0.293 0.482
0.304 0.293 0.482
0.304 0.293 0.482
0.304 0.293 0.482
0.304 0.293 0.482
0.304 0.293 0.482
0.304 0.293 0.482
0.304 0.293 0.482
0.304 0.293 0.482
0.304 0.293 0.482
0.304 0.293 0.482
0.304 0.293 0.482
0.304 0.293 0.482
0.304 0.293 0.482
0.304 0.293 0.482
0.304 0.293 0.482
0.304 0.294 0.482
0.304 0.294 0.482
0.304 0.294 0.482
0.304 0.294 0.482
0.304 0.294 0.482
0.304 0.294 0.482
0.304 0.294 0.482
0.304 0.294 0.482
0.304 0.294 0.482
0.304 0.294 0.482
0.304 0.294 0.482
0.304 0.294 0.482
0.304 0.294 0.482
0.304 0.294 0.482
0.304 0.294 0.482
0.304 0.294 0.482
0.304 0.294 0.482
0.304 0.294 0.482
0.304 0.294 0.482
0.304 0.294 0.482
0.304 0.294 0.482
0.304 0.295 0.482
0.304 0.295 0.482
0.304 0.295 0.482
0.304 0.295 0.482
0.304 0.295 0.482
0.304 0.295 0.482
0.304 0.295 0.482
0.304 0.295 0.482
0.304 0.295 0.482
0.304 0.295 0.482
0.304 0.295 0.482
0.304 0.295 0.482
0.304 0.295 0.482
0.304 0.295 0.482
0.304 0.295 0.482
0.304 0.295 0.482
0.304 0.295 0.482
0.304 0.295 0.482
0.304 0.295 0.482
0.304 0.295 0.482
0.304 0.295 0.482
0.304 0.295 0.482
0.304 0.296 0.482
0.304 0.296 0.482
0.304 0.296 0.482
0.304 0.296 0.482
0.304 0.296 0.482
0.304 0.296 0.482
0.304 0.296 0.482
0.304 0.296 0.482
0.304 0.296 0.482
0.304 0.296 0.482
0.304 0.296 0.482
0.304 0.296 0.482
0.304 0.296 0.482
0.304 0.296 0.482
0.304 0.296 0.482
0.304 0.296 0.482
0.304 0.296 0.482
0.304 0.296 0.482
0.304 0.296 0.482
0.304 0.296 0.482
0.304 0.296 0.482
0.304 0.297 0.482
0.304 0.297 0.482
0.304 0.297 0.482
0.304 0.297 0.482
0.304 0.297 0.482
0.304 0.297 0.482
0.304 0.297 0.482
0.304 0.297 0.482
0.304 0.297 0.482
0.304 0.297 0.482
0.304 0.297 0.482
0.304 0.297 0.482
0.304 0.297 0.482
0.304 0.297 0.482
0.304 0.297 0.482
0.304 0.297 0.482
0.304 0.297 0.482
0.304 0.297 0.482
0.304 0.297 0.482
0.304 0.297 0.482
0.304 0.297 0.482
0.304 0.297 0.482
0.304 0.298 0.482
0.304 0.298 0.482
0.304 0.298 0.482
0.304 0.298 0.482
0.305 0.298 0.482
0.305 0.298 0.482
0.305 0.298 0.482
0.305 0.298 0.482
0.305 0.298 0.482
0.305 0.298 0.482
0.305 0.298 0.482
0.305 0.298 0.482
0.305 0.298 0.482
0.305 0.298 0.482
0.305 0.298 0.482
0.305 0.298 0.482
0.305 0.298 0.482
0.305 0.298 0.482
0.305 0.298 0.482
0.305 0.298 0.482
0.305 0.298 0.482
0.305 0.299 0.482
0.305 0.299 0.482
0.305 0.299 0.482
0.305 0.299 0.482
0.305 0.299 0.482
0.305 0.299 0.482
0.305 0.299 0.482
0.305 0.299 0.482
0.305 0.299 0.482
0.305 0.299 0.482
0.305 0.299 0.482
0.305 0.299 0.482
0.305 0.299 0.482
0.305 0.299 0.482
0.305 0.299 0.482
0.305 0.299 0.482
0.305 0.299 0.482
0.305 0.299 0.482
0.305 0.299 0.482
0.305 0.299 0.482
0.305 0.299 0.482
0.305 0.299 0.482
0.305 0.300 0.482
0.305 0.300 0.482
0.305 0.300 0.482
0.305 0.300 0.482
0.305 0.300 0.482
0.305 0.300 0.482
0.305 0.300 0.482
0.305 0.300 0.482
0.305 0.300 0.482
0.305 0.300 0.482
0.305 0.300 0.482
0.305 0.300 0.482
0.305 0.300 0.482
0.305 0.300 0.482
0.305 0.300 0.482
0.305 0.300 0.482
0.305 0.300 0.482
0.305 0.300 0.482
0.305 0.300 0.482
0.305 0.299 0.482
0.305 0.298 0.482
0.305 0.298 0.482
0.305 0.298 0.482
0.305 0.298 0.482
0.305 0.298 0.482
0.305 0.298 0.482
0.305 0.298 0.482
0.305 0.298 0.482
0.305 0.298 0.482
0.305 0.298 0.482
0.305 0.298 0.482
0.305 0.298 0.482
0.305 0.298 0.482
0.305 0.298 0.482
0.305 0.298 0.482
0.305 0.298 0.482
0.305 0.298 0.482
0.305 0.298 0.482
0.305 0.298 0.482
0.305 0.298 0.482
0.305 0.298 0.482
0.305 0.298 0.482
0.305 0.298 0.482
0.305 0.298 0.482
0.305 0.298 0.482
0.305 0.298 0.482
0.305 0.298 0.482
0.305 0.298 0.482
0.305 0.298 0.482
0.305 0.298 0.482
0.305 0.298 0.482
0.305 0.298 0.482
0.305 0.298 0.482
0.305 0.298 0.482
0.305 0.298 0.482
0.305 0.298 0.482
0.305 0.298 0.482
0.305 0.298 0.482
0.305 0.298 0.482
0.305 0.298 0.482
0.305 0.298 0.482
0.305 0.298 0.482
0.305 0.298 0.482
0.305 0.298 0.482
0.305 0.298 0.482
0.305 0.298 0.482
0.305 0.298 0.482
0.305 0.298 0.482
0.305 0.298 0.482
0.305 0.298 0.482
0.305 0.298 0.482
0.305 0.298 0.482
0.305 0.298 0.482
0.305 0.298 0.482
0.305 0.298 0.482
0.305 0.298 0.482
0.305 0.298 0.482
0.305 0.298 0.482
0.305 0.298 0.482
0.305 0.298 0.482
0.305 0.298 0.482
0.305 0.298 0.482
0.305 0.298 0.482
0.305 0.298 0.482
0.305 0.298 0.482
0.305 0.298 0.482
0.305 0.298 0.482
0.305 0.298 0.482
0.305 0.298 0.482
0.305 0.298 0.482
0.305 0.298 0.482
0.305 0.298 0.482
0.305 0.298 0.482
0.305 0.298 0.482
0.305 0.298 0.482
0.305 0.298 0.482
0.305 0.298 0.482
0.305 0.298 0.482
0.305 0.298 0.482
0.305 0.298 0.482
0.305 0.298 0.482
0.305 0.298 0.482
0.305 0.298 0.482
0.305 0.298 0.482
0.305 0.298 0.482
0.305 0.298 0.482
0.305 0.298 0.482
0.305 0.298 0.482
0.305 0.298 0.482
0.305 0.298 0.482
0.305 0.298 0.482
0.305 0.298 0.482
0.305 0.298 0.482
0.305 0.298 0.482
0.305 0.298 0.483
0.305 0.298 0.483
0.305 0.298 0.483
0.305 0.298 0.483
0.305 0.298 0.483
0.305 0.298 0.483
0.305 0.298 0.483
0.305 0.298 0.483
0.305 0.298 0.483
0.305 0.298 0.483
0.305 0.298 0.483
0.305 0.298 0.483
0.305 0.298 0.483
0.305 0.298 0.483
0.305 0.298 0.483
0.305 0.298 0.483
0.305 0.298 0.483
0.305 0.298 0.483
0.305 0.298 0.483
0.305 0.298 0.483
0.305 0.298 0.483
0.305 0.298 0.483
0.305 0.298 0.483
0.305 0.298 0.483
0.305 0.298 0.483
0.305 0.298 0.483
0.305 0.298 0.483
0.305 0.298 0.483
0.305 0.298 0.483
0.305 0.298 0.483
0.305 0.298 0.483
0.305 0.298 0.483
0.305 0.298 0.483
0.305 0.298 0.483
0.305 0.298 0.483
0.305 0.298 0.483
0.305 0.298 0.483
0.305 0.298 0.483
0.305 0.298 0.483
0.305 0.298 0.483
0.305 0.298 0.483
0.305 0.298 0.483
0.305 0.298 0.483
0.305 0.298 0.483
0.305 0.298 0.483
0.305 0.298 0.483
0.305 0.298 0.483
0.305 0.298 0.483
0.305 0.298 0.483
0.305 0.298 0.483
0.305 0.298 0.483
0.305 0.298 0.483
0.305 0.298 0.483
0.305 0.298 0.483
0.305 0.298 0.483
0.305 0.298 0.483
0.305 0.298 0.483
0.305 0.298 0.483
0.305 0.298 0.483
0.305 0.298 0.483
0.305 0.298 0.483
0.305 0.298 0.483
0.305 0.298 0.483
0.305 0.298 0.483
0.305 0.298 0.483
0.305 0.298 0.483
0.305 0.298 0.483
0.305 0.298 0.483
0.305 0.298 0.483
0.305 0.298 0.483
0.305 0.298 0.483
0.305 0.298 0.483
0.305 0.298 0.483
0.305 0.298 0.483
0.305 0.298 0.483
0.305 0.298 0.483
0.305 0.298 0.483
0.305 0.298 0.483
0.305 0.298 0.483
0.305 0.298 0.483
0.305 0.298 0.483
0.305 0.298 0.483
0.305 0.298 0.483
0.305 0.298 0.483
0.305 0.298 0.483
0.305 0.298 0.483
0.305 0.298 0.483
0.305 0.298 0.483
0.305 0.298 0.483
0.305 0.298 0.483
0.305 0.298 0.483
0.305 0.298 0.483
0.305 0.298 0.483
0.305 0.298 0.483
0.305 0.298 0.483
0.305 0.298 0.483
0.305 0.298 0.483
0.305 0.298 0.483
0.305 0.298 0.483
0.305 0.298 0.483
0.305 0.298 0.483
0.305 0.298 0.483
0.305 0.298 0.483
0.305 0.298 0.483
0.305 0.298 0.483
0.305 0.298 0.483
0.305 0.298 0.483
0.305 0.298 0.483
0.305 0.298 0.483
0.305 0.298 0.483
0.305 0.298 0.483
0.305 0.298 0.483
0.305 0.298 0.483
0.305 0.298 0.483
0.305 0.298 0.483
0.305 0.298 0.483
0.305 0.298 0.483
0.305 0.298 0.483
0.305 0.298 0.483
0.305 0.298 0.483
0.305 0.298 0.483
0.305 0.298 0.483
0.305 0.298 0.483
0.305 0.298 0.483
0.305 0.298 0.483
0.305 0.298 0.483
0.305 0.298 0.483
0.305 0.298 0.483
0.305 0.298 0.483
0.305 0.298 0.483
0.305 0.298 0.483
0.305 0.298 0.483
0.305 0.298 0.483
0.305 0.298 0.483
0.305 0.298 0.483
0.305 0.298 0.483
0.305 0.298 0.483
0.305 0.298 0.483
0.305 0.298 0.483
0.305 0.298 0.483
0.305 0.298 0.483
0.305 0.298 0.483
0.305 0.298 0.483
0.305 0.298 0.483
0.305 0.298 0.483
0.305 0.298 0.483
0.305 0.298 0.483
0.305 0.298 0.483
0.305 0.298 0.483
0.305 0.298 0.483
0.305 0.298 0.483
0.305 0.298 0.483
0.305 0.298 0.483
0.305 0.298 0.483
0.305 0.298 0.483
0.305 0.298 0.483
0.305 0.298 0.483
0.305 0.298 0.483
0.305 0.298 0.483
0.305 0.298 0.483
0.305 0.298 0.483
0.305 0.298 0.483
0.305 0.298 0.483
0.305 0.298 0.483
0.305 0.298 0.483
0.305 0.298 0.483
0.305 0.298 0.483
0.305 0.298 0.483
0.305 0.298 0.483
0.305 0.298 0.483
0.305 0.298 0.483
0.305 0.298 0.483
0.305 0.298 0.483
0.305 0.298 0.483
0.305 0.298 0.483
0.305 0.298 0.483
0.305 0.298 0.483
0.305 0.298 0.483
0.305 0.298 0.483
0.305 0.298 0.483
0.305 0.298 0.483
0.305 0.298 0.483
0.305 0.298 0.483
0.305 0.298 0.483
0.305 0.298 0.483
0.305 0.298 0.483
0.305 0.298 0.483
0.305 0.298 0.483
0.305 0.298 0.483
0.305 0.298 0.483
